1     1     1     186.86460
2     1     1     352.85459
2     2     1     551.95250
2     2     2     128.30830
3     1     1     120.84335
3     2     1     -81.70697
3     2     2     -332.59394
3     3     1     -534.04707
3     3     2     -272.90342
3     3     3     172.26574
4     1     1     -736.41181
4     2     1     503.03524
4     2     2     -467.59524
4     3     1     -363.53105
4     3     2     408.15243
4     3     3     -278.94456
4     4     1     -23.62271
4     4     2     -137.05794
4     4     3     -155.08050
4     4     4     -1288.27868
5     1     1     525.92700
5     2     1     390.30933
5     2     2     707.09416
5     3     1     -338.42779
5     3     2     308.87945
5     3     3     935.48424
5     4     1     -22.72078
5     4     2     -106.62996
5     4     3     -143.37560
5     4     4     20.47783
5     5     1     -64.39067
5     5     2     -83.61320
5     5     3     -36.06861
5     5     4     8.04772
5     5     5     1060.62533
6     1     1     28.50088
6     2     1     32.06419
6     2     2     -31.04291
6     3     1     -55.21105
6     3     2     -47.17929
6     3     3     -7.74638
6     4     1     3.34772
6     4     2     9.15362
6     4     3     8.79585
6     4     4     9.85669
6     5     1     -5.28835
6     5     2     -1.07595
6     5     3     5.98858
6     5     4     -0.34865
6     5     5     0.47523
6     6     1     -19.60771
6     6     2     -61.99901
6     6     3     -40.78503
6     6     4     36.29005
6     6     5     -99.79332
6     6     6     -56.22995
7     1     1     32.97683
7     2     1     -60.60377
7     2     2     -19.41495
7     3     1     -18.07314
7     3     2     -24.54075
7     3     3     66.83725
7     4     1     3.94816
7     4     2     6.60426
7     4     3     -8.58695
7     4     4     -12.86755
7     5     1     6.46795
7     5     2     8.69287
7     5     3     3.44642
7     5     4     -1.22239
7     5     5     -3.83897
7     6     1     -32.33030
7     6     2     -30.63320
7     6     3     11.98684
7     6     4     -32.51803
7     6     5     -21.87204
7     6     6     -6.77089
7     7     1     -13.62094
7     7     2     32.44592
7     7     3     29.43298
7     7     4     55.48050
7     7     5     -80.79980
7     7     6     50.89573
7     7     7     -5.31733
8     1     1     -67.54494
8     2     1     2.57402
8     2     2     -52.37327
8     3     1     -37.70985
8     3     2     48.65748
8     3     3     30.24277
8     4     1     3.62609
8     4     2     2.92187
8     4     3     -6.64959
8     4     4     14.49133
8     5     1     5.19722
8     5     2     3.22242
8     5     3     -6.47491
8     5     5     2.31783
8     6     1     -10.80982
8     6     2     8.13503
8     6     3     42.44142
8     6     4     38.33904
8     6     5     29.59004
8     6     6     34.81741
8     7     1     11.12785
8     7     2     14.82866
8     7     3     8.13788
8     7     4     -79.69027
8     7     5     -56.06451
8     7     6     18.19095
8     7     7     19.36724
8     8     1     32.66851
8     8     2     15.75370
8     8     3     19.77052
8     8     4     93.89035
8     8     5     -55.18216
8     8     6     30.59340
8     8     7     -52.77721
8     8     8     18.86937
9     1     1     -25.92617
9     2     1     -23.54591
9     2     2     -45.34209
9     3     1     12.17896
9     3     2     -23.67207
9     3     3     -49.94041
9     4     1     0.20472
9     4     2     9.68119
9     4     3     8.25888
9     4     4     6.23690
9     5     1     5.54152
9     5     2     8.82521
9     5     3     2.16321
9     5     4     -2.41381
9     5     5     26.22805
9     6     1     -2.55658
9     6     2     28.24778
9     6     3     39.24195
9     6     4     -12.38955
9     6     5     5.68606
9     6     6     6.88378
9     7     1     -47.27206
9     7     2     -24.94452
9     7     3     42.81672
9     7     4     -9.73641
9     7     5     10.14976
9     7     6     4.92447
9     7     7     20.28430
9     8     1     -35.67125
9     8     2     -29.87340
9     8     3     16.76637
9     8     4     12.50840
9     8     5     3.09198
9     8     6     1.04149
9     8     7     9.04016
9     8     8     11.68549
9     9     1     -14.75747
9     9     2     -21.05613
9     9     3     4.13453
9     9     4     18.60288
9     9     5     -239.54327
9     9     6     -14.17857
9     9     7     -11.51578
9     9     8     12.15684
9     9     9     114.41457
10     1     1     -12.92673
10     2     1     -15.80600
10     2     2     -4.89792
10     3     1     19.61668
10     3     2     7.48151
10     3     3     -8.48922
10     4     1     6.18529
10     4     2     -5.24851
10     4     3     4.21983
10     4     4     -1.62283
10     5     1     2.14393
10     5     2     -3.52738
10     5     3     -7.66341
10     5     4     1.90298
10     5     5     0.86436
10     6     1     11.53300
10     6     2     29.17213
10     6     3     34.14182
10     6     4     31.81822
10     6     5     24.21989
10     6     6     17.54645
10     7     1     5.65374
10     7     2     19.53802
10     7     3     -7.96397
10     7     4     13.00756
10     7     5     2.92657
10     7     6     1.72950
10     7     7     -11.21677
10     8     1     11.69897
10     8     2     -9.52262
10     8     3     -16.84516
10     8     4     -18.01537
10     8     5     -6.37816
10     8     6     -5.91310
10     8     7     5.45346
10     8     8     -12.06143
10     9     2     18.09340
10     9     3     13.46102
10     9     4     -62.11838
10     9     5     -41.89698
10     9     6     -1.29210
10     9     7     9.35889
10     9     8     -12.71779
10     9     9     11.94313
10     10     1     25.59784
10     10     2     12.76715
10     10     3     45.07184
10     10     4     269.64458
10     10     5     -16.14710
10     10     6     -1.67576
10     10     7     -22.79071
10     10     8     29.56781
10     10     9     12.47000
10     10     10     -25.73021
11     1     1     -4.50902
11     2     1     9.30839
11     2     2     3.38665
11     3     1     2.46152
11     3     2     3.50947
11     3     3     -11.55210
11     4     1     3.61607
11     4     2     -8.00114
11     4     3     5.92334
11     4     4     -5.46736
11     5     1     1.36643
11     5     2     0.69282
11     5     3     -2.66242
11     5     4     0.32837
11     5     5     -0.91328
11     6     1     21.54537
11     6     2     45.10349
11     6     3     -44.56806
11     6     4     5.97609
11     6     5     -0.14912
11     7     1     -2.52903
11     7     2     -10.03284
11     7     3     -42.42620
11     7     4     9.36221
11     7     5     11.55370
11     7     6     -9.37875
11     7     7     -1.83305
11     8     1     0.21588
11     8     2     -39.28166
11     8     3     -3.46469
11     8     4     7.58481
11     8     5     10.69574
11     8     6     -4.02534
11     8     7     -0.69212
11     8     8     7.61451
11     9     1     -13.71262
11     9     2     -55.40143
11     9     3     59.52970
11     9     4     -5.07090
11     9     5     5.59928
11     9     6     -0.65413
11     9     7     -1.68755
11     9     8     -2.84297
11     9     9     0.72711
11     10     1     -177.23429
11     10     2     123.73879
11     10     3     -85.85251
11     10     4     18.10656
11     10     5     -2.01690
11     10     6     0.82729
11     10     7     -0.43407
11     10     8     6.95630
11     10     10     0.81750
11     11     1     -40.71772
11     11     2     48.07219
11     11     3     -4.69541
11     11     4     209.15356
11     11     5     -29.74734
11     11     6     -4.51852
11     11     7     26.72484
11     11     8     -34.23169
11     11     9     2.03622
11     11     10     -14.70777
11     11     11     -20.70303
12     1     1     -12.73848
12     2     1     -16.46772
12     2     2     -22.76469
12     3     1     -16.90532
12     3     2     7.71529
12     3     3     22.15423
12     4     1     -7.92234
12     4     2     13.61071
12     4     3     -13.20170
12     4     4     -4.89802
12     5     1     -11.76399
12     5     2     -9.20085
12     5     3     10.87804
12     5     4     -0.37793
12     5     5     1.64884
12     6     1     -102.77751
12     6     2     -1.78988
12     6     3     37.40506
12     6     4     4.42482
12     6     5     4.75298
12     6     6     5.26147
12     7     1     61.72561
12     7     2     -14.53881
12     7     3     91.31486
12     7     4     -20.30627
12     7     5     -20.72783
12     7     6     9.10864
12     7     7     4.19159
12     8     1     -49.81177
12     8     2     110.02950
12     8     3     -35.79730
12     8     4     -10.64811
12     8     5     -21.82651
12     8     6     7.84665
12     8     7     -5.51091
12     8     8     -5.71763
12     9     1     74.14236
12     9     2     61.09524
12     9     3     -48.89057
12     9     4     -10.51553
12     9     5     -7.28948
12     9     6     1.17042
12     9     7     -1.59456
12     9     8     -3.61148
12     9     9     -0.43878
12     10     1     17.14465
12     10     2     23.58816
12     10     3     -16.84440
12     10     4     36.07311
12     10     5     -5.47602
12     10     7     -7.05505
12     10     8     0.73320
12     10     9     0.23169
12     10     10     -0.81065
12     11     1     -26.62825
12     11     2     35.56773
12     11     3     -11.52100
12     11     4     11.99084
12     11     5     50.16502
12     11     6     -18.14080
12     11     8     3.24254
12     11     9     7.39208
12     11     10     -12.58216
12     11     11     -21.14075
12     12     1     -17.79320
12     12     2     11.78077
12     12     3     -4.75399
12     12     4     88.90571
12     12     5     -78.78173
12     12     6     15.75675
12     12     7     13.91086
12     12     8     -26.33697
12     12     9     -22.77196
12     12     10     8.56783
12     12     11     -38.58823
12     12     12     -70.57514
13     1     1     6.49748
13     2     1     -16.64157
13     2     2     -9.07563
13     3     1     -5.05850
13     3     2     -8.23863
13     3     3     14.61093
13     4     1     3.24389
13     4     2     2.72552
13     4     3     -0.26604
13     4     4     6.74452
13     5     1     -7.06406
13     5     2     -2.32647
13     5     3     11.24597
13     5     4     -1.26095
13     6     1     -69.89429
13     6     2     -0.68428
13     6     3     -0.95371
13     6     4     -13.10652
13     6     5     -2.84010
13     6     6     -1.40826
13     7     1     26.92074
13     7     2     -20.73679
13     7     3     60.95332
13     7     4     0.95043
13     7     5     -9.82127
13     7     6     5.01405
13     7     7     4.58300
13     8     1     -44.94351
13     8     2     61.38892
13     8     3     -15.43042
13     8     4     -19.47919
13     8     5     -9.46003
13     8     6     3.48296
13     8     7     -0.95505
13     8     8     -1.34235
13     9     1     45.08974
13     9     2     1.84768
13     9     3     -35.32428
13     9     4     13.48538
13     9     5     -8.45746
13     9     6     -1.87191
13     9     7     -5.15943
13     9     8     1.32866
13     9     9     2.23791
13     10     1     -56.73456
13     10     2     55.36163
13     10     3     -56.53630
13     10     4     -52.26036
13     10     5     0.18231
13     10     6     0.32603
13     10     8     -5.48115
13     10     9     -1.12561
13     10     10     2.51731
13     11     1     17.29741
13     11     3     21.75573
13     11     4     75.63318
13     11     5     27.07582
13     11     6     -15.89782
13     11     7     8.52784
13     11     8     -13.33271
13     11     9     12.25290
13     11     10     -32.36268
13     11     11     -5.94164
13     12     1     -1.86148
13     12     2     3.55789
13     12     3     2.47232
13     12     4     56.88016
13     12     5     -38.49841
13     12     6     -0.83894
13     12     7     21.28165
13     12     8     -26.51205
13     12     9     1.59427
13     12     10     -49.45124
13     12     11     26.83663
13     12     12     90.38349
13     13     1     36.31394
13     13     2     -19.67703
13     13     3     27.24607
13     13     4     76.27637
13     13     5     -19.37751
13     13     6     9.60553
13     13     8     2.17152
13     13     9     -19.29304
13     13     10     45.26846
13     13     11     -70.83615
13     13     12     -142.35268
13     13     13     205.84769
14     1     1     14.28954
14     2     1     8.10840
14     2     2     -4.96120
14     3     1     -13.23922
14     3     2     -27.63302
14     3     3     -7.46772
14     4     1     0.37271
14     4     2     1.63003
14     4     3     2.79838
14     4     4     -4.20176
14     5     1     2.15143
14     5     2     21.42128
14     5     3     26.00774
14     5     4     -6.34644
14     5     5     -7.77985
14     6     1     -19.54933
14     6     2     -66.72826
14     6     3     -56.22347
14     6     4     12.66674
14     6     5     -7.43759
14     6     6     -12.73624
14     7     1     -64.22100
14     7     2     -39.16002
14     7     3     46.79739
14     7     4     14.34785
14     7     5     4.55219
14     7     6     1.01477
14     7     7     -1.23439
14     8     1     -42.25340
14     8     2     -4.31959
14     8     3     58.98859
14     8     4     -24.34901
14     8     5     5.76824
14     8     7     9.12039
14     8     8     -4.40576
14     9     1     -22.07436
14     9     2     -133.28517
14     9     3     -140.01533
14     9     4     17.57770
14     9     5     14.43480
14     9     6     -4.79605
14     9     7     5.89806
14     9     8     -2.42018
14     9     9     -40.86988
14     10     1     1.70401
14     10     2     -9.99811
14     10     3     -14.01946
14     10     4     55.86428
14     10     5     37.66413
14     10     6     8.72535
14     10     7     -9.17773
14     10     8     10.17235
14     10     9     24.36950
14     10     10     -37.95777
14     11     1     -40.50399
14     11     2     23.26783
14     11     3     -13.54477
14     11     4     5.60381
14     11     5     8.13010
14     11     6     -1.20986
14     11     7     -19.47621
14     11     8     -12.37468
14     11     9     -0.51082
14     11     10     1.04231
14     11     11     -53.74604
14     12     1     17.27743
14     12     2     -2.56684
14     12     4     7.54834
14     12     5     8.64000
14     12     6     5.27558
14     12     7     32.15245
14     12     8     24.73381
14     12     9     2.08757
14     12     10     1.26384
14     12     11     5.82838
14     12     12     -26.30927
14     13     1     -4.85603
14     13     2     4.08302
14     13     3     -8.56362
14     13     4     -7.74032
14     13     5     -22.33019
14     13     6     -2.20740
14     13     7     20.66007
14     13     8     8.86225
14     13     9     -4.55930
14     13     10     -5.82529
14     13     11     -2.42826
14     13     12     6.97802
14     13     13     -35.27927
14     14     1     3.12532
14     14     2     26.72550
14     14     3     35.07236
14     14     4     4.45793
14     14     5     -167.98933
14     14     6     -19.20538
14     14     7     -12.85859
14     14     8     21.65232
14     14     9     -4.93378
14     14     10     -14.68974
14     14     11     2.68513
14     14     12     5.97225
14     14     13     -1.49512
14     14     14     -104.53359
15     1     1     22.31501
15     2     2     2.51957
15     3     1     -2.21016
15     3     2     -18.07941
15     3     3     -7.48316
15     4     1     -2.00680
15     4     2     6.45618
15     4     3     4.31967
15     4     4     10.00519
15     5     1     3.05250
15     5     2     15.10877
15     5     3     14.09268
15     5     4     -4.28844
15     5     5     -5.08357
15     6     1     8.45090
15     6     2     -30.79068
15     6     3     -29.68911
15     6     4     7.60708
15     6     5     -4.94865
15     6     6     1.21331
15     7     1     -49.60215
15     7     2     -28.02016
15     7     3     16.40778
15     7     4     6.84330
15     7     5     5.26158
15     7     6     2.99014
15     7     7     3.00971
15     8     1     -26.77802
15     8     2     -19.73981
15     8     3     37.93306
15     8     4     -7.68850
15     8     5     4.57515
15     8     6     -3.53501
15     8     7     0.30020
15     8     8     2.97120
15     9     1     -35.44721
15     9     2     -86.37611
15     9     3     -71.42343
15     9     4     16.37608
15     9     5     -8.28766
15     9     6     -13.24550
15     9     7     -11.52545
15     9     8     15.57851
15     9     9     39.63368
15     10     1     20.77142
15     10     2     -24.91059
15     10     3     13.44066
15     10     4     25.67220
15     10     5     21.06060
15     10     7     18.27492
15     10     8     -23.01935
15     10     9     2.49494
15     10     10     -9.14002
15     11     1     -19.94460
15     11     2     -0.74125
15     11     3     -5.71950
15     11     4     -26.76904
15     11     5     -5.11166
15     11     6     5.49577
15     11     7     -6.16467
15     11     8     -0.31010
15     11     9     -2.31419
15     11     10     6.91154
15     11     11     -7.24422
15     12     1     20.86612
15     12     2     5.05275
15     12     3     -2.31188
15     12     4     -7.79692
15     12     5     18.43674
15     12     6     1.01569
15     12     8     6.25667
15     12     9     4.29849
15     12     10     10.13794
15     12     11     -49.66931
15     12     12     4.48426
15     13     1     -6.24110
15     13     2     9.17919
15     13     3     -15.23569
15     13     4     -24.47395
15     13     5     -4.57658
15     13     6     -3.98998
15     13     7     -3.01242
15     13     8     6.54680
15     13     9     3.79217
15     13     10     -0.29877
15     13     11     -19.32914
15     13     12     15.26688
15     13     13     -47.09118
15     14     1     -1.20350
15     14     2     0.63770
15     14     3     17.35702
15     14     4     -0.40623
15     14     5     -90.58973
15     14     6     -22.08209
15     14     7     4.80924
15     14     8     -7.14521
15     14     9     -61.54206
15     14     10     3.37642
15     14     11     -1.13893
15     14     12     -4.28601
15     14     13     -7.16165
15     14     14     86.17807
15     15     1     -1.52355
15     15     2     -9.50601
15     15     3     12.35791
15     15     4     20.87422
15     15     5     -63.27803
15     15     6     -24.05070
15     15     7     -20.72026
15     15     8     24.40904
15     15     9     46.70885
15     15     10     -27.30611
15     15     11     9.50325
15     15     12     6.96252
15     15     13     -15.32197
15     15     14     -115.63182
15     15     15     104.66648
16     1     1     -10.99699
16     2     1     4.25915
16     2     2     -22.44989
16     3     1     -16.61655
16     3     2     5.11774
16     3     3     9.51817
16     4     1     13.76522
16     4     2     -9.95849
16     4     3     6.20049
16     4     4     -17.25314
16     5     1     -8.06392
16     5     2     -2.60173
16     5     3     11.70981
16     5     4     -0.94143
16     5     5     0.81689
16     6     1     -62.60687
16     6     2     -83.77084
16     6     3     46.98937
16     6     4     19.68085
16     6     5     12.41448
16     6     6     5.71767
16     7     1     -95.40486
16     7     2     53.52816
16     7     3     47.68792
16     7     4     -11.87866
16     7     5     3.12976
16     7     7     6.15818
16     8     1     72.27115
16     8     2     -11.38717
16     8     3     93.28845
16     8     4     8.58335
16     8     5     -2.26853
16     8     6     1.66310
16     8     7     -1.06158
16     8     8     -0.46341
16     9     1     102.30751
16     9     2     -26.63581
16     9     3     -140.61551
16     9     4     7.77647
16     9     5     -3.20174
16     9     6     -8.95576
16     9     7     -4.87766
16     9     8     -4.78088
16     9     9     10.81363
16     10     1     -49.18847
16     10     2     68.16161
16     10     3     -74.31413
16     10     4     51.05920
16     10     5     16.76537
16     10     6     14.62927
16     10     7     -11.03328
16     10     8     5.61225
16     10     9     -5.32855
16     10     10     43.50420
16     11     1     -42.96683
16     11     2     57.93695
16     11     3     10.42199
16     11     4     100.91574
16     11     5     61.25919
16     11     6     -19.73506
16     11     7     4.62142
16     11     8     -16.15596
16     11     9     9.43958
16     11     10     8.61233
16     11     11     50.53088
16     12     1     -18.61862
16     12     2     -6.65375
16     12     3     -52.05570
16     12     4     -46.09482
16     12     5     -84.27787
16     12     6     26.45752
16     12     7     2.19517
16     12     8     7.91970
16     12     9     -10.83988
16     12     10     -8.96086
16     12     11     17.51941
16     12     12     24.17892
16     13     1     -8.07984
16     13     2     3.72892
16     13     3     -28.51495
16     13     4     -6.70519
16     13     5     -57.77012
16     13     6     4.57631
16     13     7     5.33554
16     13     8     5.17485
16     13     9     -6.23774
16     13     10     -11.17058
16     13     11     7.29613
16     13     12     -2.86932
16     13     13     46.57540
16     14     1     14.76557
16     14     2     52.33152
16     14     3     -12.13190
16     14     4     7.78224
16     14     5     -99.18464
16     14     6     -11.86413
16     14     7     24.38088
16     14     8     29.59381
16     14     9     -23.03985
16     14     10     7.62478
16     14     11     -3.92259
16     14     12     -2.46868
16     14     13     -1.12222
16     14     14     32.24916
16     15     1     7.50389
16     15     2     34.96102
16     15     3     3.53747
16     15     5     -45.07894
16     15     6     -22.55720
16     15     7     -2.94585
16     15     8     15.40579
16     15     9     11.84572
16     15     10     -12.77246
16     15     11     2.55917
16     15     12     -2.95341
16     15     13     44.27676
16     15     14     -8.50538
16     15     15     115.35701
16     16     1     20.99763
16     16     2     19.78622
16     16     3     -46.82254
16     16     4     105.95290
16     16     5     -166.92027
16     16     6     16.93378
16     16     7     31.12045
16     16     8     0.52697
16     16     9     1.92783
16     16     10     8.13394
16     16     11     15.44108
16     16     12     15.77245
16     16     13     -45.40808
16     16     14     -27.38589
16     16     15     -45.50047
16     16     16     114.58458
17     1     1     -4.86110
17     2     1     20.31076
17     2     2     6.01856
17     3     1     -3.42946
17     3     2     2.79175
17     3     3     -20.90763
17     4     1     -10.37885
17     4     2     5.94882
17     4     3     -5.96239
17     4     4     -15.35918
17     5     1     9.34547
17     5     2     9.16537
17     5     3     -5.55794
17     5     4     -1.44160
17     5     5     -1.50700
17     6     1     33.86661
17     6     2     72.70491
17     6     3     -125.93402
17     6     4     15.29756
17     6     5     -2.01957
17     6     6     3.67968
17     7     1     87.54617
17     7     2     -140.91504
17     7     3     21.85990
17     7     4     -11.34134
17     7     5     0.34964
17     7     6     -2.44623
17     7     7     -0.39688
17     8     1     -186.26267
17     8     2     53.99160
17     8     3     -70.48120
17     8     4     2.41452
17     8     5     -1.44680
17     8     6     2.26763
17     8     7     -0.47550
17     8     8     6.87507
17     9     1     -145.27436
17     9     2     -129.22929
17     9     3     11.76813
17     9     4     3.72249
17     9     5     13.57655
17     9     6     -6.00669
17     9     7     6.26714
17     9     8     3.51990
17     9     9     7.76740
17     10     1     19.97815
17     10     2     -66.38601
17     10     3     49.04416
17     10     4     44.84507
17     10     5     23.06420
17     10     6     13.53156
17     10     7     -3.81761
17     10     8     13.23756
17     10     9     -3.45224
17     10     10     41.21839
17     11     1     -45.76497
17     11     2     -12.71331
17     11     3     -42.21677
17     11     4     -52.02499
17     11     5     -64.11443
17     11     6     19.02188
17     11     7     -9.33826
17     11     8     2.85347
17     11     9     -9.00433
17     11     10     -28.01657
17     11     11     30.52855
17     12     1     8.13574
17     12     2     75.12767
17     12     3     27.58981
17     12     4     134.30791
17     12     5     109.99684
17     12     6     -31.41624
17     12     7     22.86723
17     12     8     -8.69197
17     12     9     14.67907
17     12     10     4.74770
17     12     11     9.91217
17     12     12     16.16978
17     13     1     -2.88288
17     13     2     33.36376
17     13     3     17.11110
17     13     4     63.79415
17     13     5     43.01198
17     13     6     -20.67877
17     13     7     5.85865
17     13     8     -3.11727
17     13     9     5.24906
17     13     10     -5.26087
17     13     11     6.15239
17     13     12     -6.59388
17     13     13     51.25433
17     14     1     -18.63372
17     14     2     -19.58294
17     14     3     59.90203
17     14     4     6.04924
17     14     5     -68.69888
17     14     6     -16.22323
17     14     7     -33.90859
17     14     8     -14.82254
17     14     9     -18.53551
17     14     10     6.14244
17     14     11     1.82375
17     14     12     2.24170
17     14     13     1.67702
17     14     14     21.25279
17     15     1     -7.65310
17     15     2     -28.03934
17     15     3     33.98293
17     15     4     -0.99117
17     15     5     -65.38857
17     15     6     -11.87733
17     15     7     -15.88285
17     15     8     -1.12126
17     15     9     2.62065
17     15     10     -7.35156
17     15     11     -26.49179
17     15     12     -11.11376
17     15     13     21.20793
17     15     14     -2.52754
17     15     15     88.60591
17     16     1     -2.70190
17     16     2     59.26560
17     16     3     50.71723
17     16     4     -147.25396
17     16     5     81.00549
17     16     6     -20.55190
17     16     7     -21.90813
17     16     8     25.86063
17     16     9     5.87245
17     16     10     14.45546
17     16     11     7.87663
17     16     12     11.66705
17     16     13     -40.63459
17     16     14     5.06549
17     16     15     -66.13076
17     16     16     76.94157
17     17     1     -65.60666
17     17     2     -52.28511
17     17     3     3.60694
17     17     4     270.00090
17     17     5     -184.48429
17     17     6     17.11432
17     17     7     1.87103
17     17     8     -51.03050
17     17     9     -9.21170
17     17     10     8.35665
17     17     11     1.12847
17     17     12     10.11587
17     17     13     -26.78851
17     17     14     -23.40754
17     17     15     -25.82696
17     17     16     66.75802
17     17     17     58.46235
18     1     1     2.04961
18     2     1     4.38895
18     2     2     -1.25205
18     3     1     -2.06055
18     3     2     -4.19838
18     3     3     -3.77608
18     4     1     -1.89431
18     4     2     1.70594
18     4     3     0.79471
18     5     1     1.71000
18     5     2     6.53460
18     5     3     4.28388
18     5     4     -1.43486
18     5     5     -2.26909
18     6     1     27.37325
18     6     2     -80.88136
18     6     3     2.79394
18     6     4     18.84246
18     6     5     15.89427
18     6     6     1.87830
18     7     1     -114.45759
18     7     2     8.45433
18     7     3     -34.69661
18     7     4     4.20704
18     7     5     6.55997
18     7     6     0.71900
18     7     7     -4.14847
18     8     1     61.54448
18     8     2     -86.26639
18     8     3     75.53839
18     8     4     16.30327
18     8     6     -1.47910
18     8     8     -3.24127
18     9     1     -40.65660
18     9     2     -103.21838
18     9     3     -93.92880
18     9     4     14.14336
18     9     5     10.32039
18     9     6     -7.58415
18     9     7     3.03229
18     9     8     1.47747
18     9     9     -6.65355
18     10     1     51.07172
18     10     2     -51.75573
18     10     3     12.98299
18     10     4     45.79947
18     10     5     26.84386
18     10     6     6.72508
18     10     7     -1.35333
18     10     8     4.19590
18     10     10     21.12278
18     11     1     -21.94397
18     11     2     -4.77591
18     11     4     -57.21705
18     11     5     -1.94504
18     11     6     3.26268
18     11     7     -12.46071
18     11     8     2.73992
18     11     9     -2.41271
18     11     10     17.22087
18     11     11     31.06827
18     12     1     24.69022
18     12     2     -8.78404
18     12     3     -30.51079
18     12     4     -97.81672
18     12     5     17.60752
18     12     6     8.51303
18     12     7     4.08456
18     12     8     17.82960
18     12     10     6.70821
18     12     11     7.67607
18     12     12     -2.98389
18     13     1     -22.92296
18     13     2     12.20662
18     13     3     -35.85369
18     13     4     -96.48932
18     13     5     -10.67612
18     13     6     1.89638
18     13     7     -1.54317
18     13     8     12.60769
18     13     9     1.65743
18     13     11     18.93410
18     13     12     3.68772
18     13     13     23.46203
18     14     1     -6.74154
18     14     2     10.08427
18     14     3     46.92113
18     14     4     0.76101
18     14     5     -118.53506
18     14     6     -16.00735
18     14     7     -7.41472
18     14     8     8.11650
18     14     9     -7.18672
18     14     10     2.92058
18     14     11     8.83897
18     14     13     -2.19541
18     14     14     -1.78059
18     15     1     -4.98967
18     15     2     5.04081
18     15     3     39.81943
18     15     4     20.06636
18     15     5     -72.28002
18     15     6     -13.51174
18     15     7     -1.83829
18     15     8     -0.39781
18     15     9     -7.60531
18     15     10     9.68922
18     15     11     12.70691
18     15     12     1.75666
18     15     13     1.69680
18     15     14     11.65916
18     15     15     18.23903
18     16     1     35.55405
18     16     2     30.59543
18     16     3     17.53336
18     16     4     50.20749
18     16     5     -58.40048
18     16     6     -8.96956
18     16     7     12.75404
18     16     8     14.45702
18     16     9     -6.75672
18     16     10     9.97631
18     16     11     4.18728
18     16     12     -3.84016
18     16     13     3.19422
18     16     14     1.72660
18     16     15     -18.59718
18     16     16     9.01521
18     17     1     -30.49936
18     17     2     -34.82193
18     17     3     45.01819
18     17     4     -148.00582
18     17     5     -65.02053
18     17     6     -4.57034
18     17     7     -28.13038
18     17     8     -4.15382
18     17     9     -2.35173
18     17     10     7.76741
18     17     11     -12.64965
18     17     12     -8.13561
18     17     13     -3.21113
18     17     14     -3.18282
18     17     15     -28.06405
18     17     16     13.15160
18     17     17     4.35341
18     18     1     -2.77186
18     18     2     15.02482
18     18     3     66.12215
18     18     4     129.62311
18     18     5     -90.78965
18     18     6     -15.57921
18     18     7     4.58090
18     18     8     -5.07960
18     18     9     -2.23768
18     18     10     2.96231
18     18     11     -5.33692
18     18     12     8.92012
18     18     13     -17.56625
18     18     14     -5.71902
18     18     15     -12.79921
18     18     16     1.77461
18     18     17     21.12579
18     18     18     42.78951
19     1     1     -1.26725
19     2     1     3.63282
19     2     2     -5.91634
19     3     1     -6.11716
19     3     2     -2.75981
19     3     3     -3.10276
19     4     1     4.54152
19     4     2     -3.11912
19     4     3     2.99688
19     4     4     -4.72223
19     5     2     4.88813
19     5     3     7.25235
19     5     4     -1.56346
19     5     5     -2.01690
19     6     1     -22.09364
19     6     2     5.13924
19     6     3     -64.17879
19     6     4     10.20617
19     6     5     15.36883
19     6     6     0.67011
19     7     1     11.12512
19     7     2     -32.68364
19     7     3     94.70145
19     7     4     -17.53027
19     7     5     3.40000
19     7     6     1.20388
19     7     7     -3.24992
19     8     1     -92.92653
19     8     2     64.56100
19     8     3     37.25698
19     8     4     -7.92451
19     8     5     -6.79527
19     8     6     -3.12831
19     8     7     1.19315
19     8     8     -4.68201
19     9     1     9.88616
19     9     2     -93.07209
19     9     3     -119.20682
19     9     4     19.37304
19     9     5     6.87090
19     9     6     -8.38766
19     9     7     -2.84832
19     9     9     -7.68876
19     10     1     -42.23674
19     10     2     7.63654
19     10     3     -40.36704
19     10     4     15.12689
19     10     5     26.26249
19     10     6     2.41983
19     10     7     -0.89467
19     10     8     -2.63453
19     10     9     0.96254
19     10     10     13.51526
19     11     1     -36.60323
19     11     2     6.51344
19     11     3     -1.93754
19     11     4     50.61928
19     11     5     15.59646
19     11     6     -1.44776
19     11     7     -2.91417
19     11     8     -8.23633
19     11     9     1.77019
19     11     10     -7.76455
19     11     11     18.32137
19     12     1     4.07883
19     12     2     44.54675
19     12     3     -3.98815
19     12     4     74.36092
19     12     5     -10.59575
19     12     6     1.24897
19     12     7     12.20151
19     12     8     5.65107
19     12     9     1.05108
19     12     10     -1.24422
19     12     11     -0.77488
19     12     12     -9.17484
19     13     1     18.62521
19     13     2     20.03378
19     13     3     5.42743
19     13     4     62.30347
19     13     5     -24.60474
19     13     6     -1.66881
19     13     7     8.82724
19     13     8     1.99327
19     13     9     -0.66557
19     13     10     3.01184
19     13     11     7.43254
19     13     12     -1.42799
19     13     13     -9.45587
19     14     1     20.86440
19     14     2     46.00222
19     14     3     11.43076
19     14     4     -1.14504
19     14     5     -134.75294
19     14     6     -16.19143
19     14     7     -2.05626
19     14     8     9.28543
19     14     9     -1.46519
19     14     10     -0.76468
19     14     11     -11.15681
19     14     12     -4.54851
19     14     13     3.11382
19     14     14     -13.24035
19     15     1     8.71280
19     15     2     23.22329
19     15     3     13.57053
19     15     4     -15.36790
19     15     5     -74.12471
19     15     6     -10.16253
19     15     7     -5.40543
19     15     8     5.68222
19     15     9     -9.00451
19     15     10     21.01924
19     15     11     -0.56480
19     15     12     3.64283
19     15     13     3.64101
19     15     14     1.82542
19     15     15     1.89168
19     16     1     36.60669
19     16     2     59.46338
19     16     3     -10.97409
19     16     4     -37.58567
19     16     5     -97.28580
19     16     6     -9.51787
19     16     7     18.50380
19     16     8     10.25661
19     16     9     -1.79526
19     16     10     -0.75375
19     16     11     12.39247
19     16     12     9.16949
19     16     13     11.82652
19     16     14     6.38329
19     16     15     -7.85298
19     16     16     -25.88060
19     17     1     -42.43438
19     17     2     14.29934
19     17     3     40.97737
19     17     4     98.55674
19     17     5     -40.85964
19     17     6     -20.40048
19     17     7     -17.61985
19     17     8     -13.96434
19     17     9     -8.17417
19     17     11     -11.87747
19     17     12     -4.82701
19     17     13     -4.04304
19     17     14     5.96034
19     17     15     6.05444
19     17     16     -14.47348
19     17     17     -28.20533
19     18     1     8.39216
19     18     2     11.04623
19     18     3     16.44165
19     18     4     -93.38804
19     18     5     -84.40231
19     18     6     -16.87864
19     18     7     -8.75372
19     18     8     12.91329
19     18     9     7.51558
19     18     10     -4.89114
19     18     11     2.68069
19     18     12     6.34748
19     18     14     -5.18136
19     18     15     1.02233
19     18     16     -8.43000
19     18     17     1.41613
19     18     18     -19.80629
19     19     1     21.10726
19     19     2     64.70946
19     19     3     7.79008
19     19     4     64.27043
19     19     5     -123.43437
19     19     6     -14.31612
19     19     7     -3.73990
19     19     8     2.20892
19     19     10     11.71519
19     19     11     16.43568
19     19     12     27.95650
19     19     13     -8.51594
19     19     14     18.74391
19     19     15     11.19930
19     19     17     -12.49055
19     19     18     18.21876
19     19     19     -56.63117
20     1     1     0.48667
20     2     1     -3.88236
20     2     2     2.04225
20     3     1     -3.46160
20     3     2     0.47027
20     3     3     1.66893
20     4     1     2.61327
20     4     2     -0.32018
20     4     3     -0.31652
20     4     4     1.92313
20     5     1     -2.13154
20     5     2     -2.42703
20     5     3     1.37734
20     5     5     1.49251
20     6     1     348.39613
20     6     2     262.63089
20     6     3     -220.62725
20     6     4     -8.21366
20     6     5     -31.13259
20     6     6     -1.56916
20     7     1     113.98136
20     7     2     350.14372
20     7     3     316.11911
20     7     4     -73.12298
20     7     5     -38.95047
20     7     6     -1.72973
20     7     7     10.14910
20     8     1     -97.28672
20     8     2     178.56893
20     8     3     338.51188
20     8     4     -57.04813
20     8     5     -16.62598
20     8     6     -0.89380
20     8     7     1.79062
20     8     8     -1.30528
20     9     1     124.76022
20     9     2     108.64696
20     9     3     -54.34620
20     9     4     -6.61909
20     9     5     -13.29491
20     9     6     2.54717
20     9     7     -7.77735
20     9     8     -7.23797
20     9     9     -0.71099
20     10     1     -89.12133
20     10     2     -56.14388
20     10     3     74.69037
20     10     4     -3.45227
20     10     5     3.32495
20     10     7     -8.07140
20     10     8     -6.05464
20     10     9     -1.36302
20     10     10     -2.54328
20     11     1     -26.02575
20     11     2     -100.64019
20     11     3     -89.55480
20     11     4     14.76423
20     11     5     24.62698
20     11     6     5.33173
20     11     7     -0.57040
20     11     8     0.92772
20     11     9     -2.98272
20     11     10     4.58306
20     12     1     -1.25738
20     12     2     149.71778
20     12     3     198.77939
20     12     4     -19.32208
20     12     5     -51.32153
20     12     7     -2.60668
20     12     8     2.65365
20     12     9     -2.13124
20     12     10     5.02856
20     12     11     0.80678
20     12     12     -0.91409
20     13     1     54.03942
20     13     2     110.15276
20     13     3     63.92658
20     13     4     -8.62532
20     13     5     -29.68163
20     13     7     -1.98041
20     13     8     1.55540
20     13     9     -1.70551
20     13     10     4.65659
20     13     11     5.79289
20     13     12     2.35270
20     14     1     236.00309
20     14     2     144.37094
20     14     3     -179.54349
20     14     4     1.21163
20     14     5     -11.19888
20     14     6     6.99772
20     14     7     3.39338
20     14     9     1.88175
20     14     10     -0.59822
20     14     12     14.16509
20     14     13     12.72999
20     15     1     140.23887
20     15     2     64.62796
20     15     3     -132.38614
20     15     4     4.24610
20     15     5     5.99944
20     15     6     -2.39166
20     15     7     -1.87600
20     15     8     -2.44536
20     15     9     1.58227
20     15     10     -4.75245
20     15     11     21.10053
20     15     12     4.83121
20     15     13     6.44568
20     15     15     -4.75109
20     16     1     120.18467
20     16     2     181.68089
20     16     3     52.76796
20     16     4     -38.23754
20     16     5     -42.73714
20     16     6     31.51423
20     16     7     -10.99228
20     16     8     -15.51694
20     16     9     8.24451
20     16     10     11.87911
20     16     11     -8.83344
20     16     12     11.55413
20     16     13     12.77717
20     16     14     -5.93457
20     16     15     -9.85777
20     16     16     5.58623
20     17     1     68.95718
20     17     2     -84.23405
20     17     3     -214.26782
20     17     4     58.01875
20     17     5     10.42546
20     17     6     -36.08079
20     17     7     -9.28657
20     17     8     4.58273
20     17     9     -17.40857
20     17     10     -10.67418
20     17     11     -10.88405
20     17     12     8.98309
20     17     13     19.28707
20     17     14     9.07692
20     17     15     24.48848
20     17     16     6.47267
20     18     1     128.68561
20     18     2     66.83853
20     18     3     -121.30897
20     18     4     -13.42937
20     18     5     102.46637
20     18     6     -10.46195
20     18     7     -25.41538
20     18     8     -17.96533
20     18     9     17.74596
20     18     10     -7.30910
20     18     11     -15.65090
20     18     12     30.78138
20     18     13     -2.35838
20     18     15     -16.29964
20     18     16     8.09567
20     18     17     -12.74200
20     18     18     11.46405
20     19     1     137.10442
20     19     2     98.77976
20     19     3     -80.31720
20     19     4     11.15039
20     19     5     -182.14917
20     19     6     17.33600
20     19     7     -30.50362
20     19     8     -29.49428
20     19     9     -22.59405
20     19     11     -18.34982
20     19     12     29.27999
20     19     13     21.35497
20     19     14     -1.57473
20     19     15     9.11669
20     19     16     15.09645
20     19     17     -11.41557
20     19     19     8.25923
20     20     1     -81.82151
20     20     2     -60.06525
20     20     3     105.67011
20     20     4     19.20080
20     20     5     -2016.87725
20     20     6     71.99269
20     20     7     17.73330
20     20     8     -24.15072
20     20     9     -252.27637
20     20     10     -38.60683
20     20     11     7.79498
20     20     12     8.33364
20     20     13     -14.51195
20     20     14     -27.26149
20     20     15     45.95574
20     20     16     17.80367
20     20     17     3.59634
20     20     18     -8.80562
20     20     19     -15.57528
20     20     20     36.50022
21     2     1     9.13381
21     2     2     2.05945
21     3     1     -1.70486
21     3     2     1.58427
21     4     1     8.83226
21     4     2     -10.06036
21     4     3     6.19883
21     4     4     -4.12961
21     5     1     4.08659
21     5     2     3.08737
21     5     3     -2.97483
21     5     5     3.49428
21     6     1     -217.84453
21     6     2     -40.82371
21     6     3     96.41423
21     6     4     2.22059
21     6     5     1.16019
21     6     6     3.21432
21     7     1     96.33921
21     7     2     -132.53504
21     7     3     18.99748
21     7     4     -1.66122
21     7     5     24.47896
21     7     6     0.98073
21     7     7     0.99815
21     8     1     -71.67390
21     8     2     110.23381
21     8     3     -182.30938
21     8     4     -4.92244
21     8     5     12.88907
21     8     6     1.28133
21     8     7     -3.75584
21     8     8     1.75556
21     9     1     81.59070
21     9     2     102.98257
21     9     3     -9.23783
21     9     4     -21.92009
21     9     5     -9.50684
21     9     6     1.94106
21     9     7     -6.46044
21     9     8     -5.36861
21     9     9     -2.09765
21     10     1     64.33518
21     10     2     35.27270
21     10     3     -8.88591
21     10     4     50.25923
21     10     5     -18.59588
21     10     6     1.98333
21     10     7     -6.47822
21     10     8     4.09162
21     10     9     -2.26945
21     10     10     3.36905
21     11     1     -25.33794
21     11     2     94.39779
21     11     3     8.63638
21     11     4     -20.75452
21     11     5     47.29461
21     11     6     -2.80068
21     11     7     -1.54529
21     11     8     4.58112
21     11     9     2.06744
21     11     10     -5.96614
21     11     11     -6.78917
21     12     1     -37.82988
21     12     2     -58.34006
21     12     3     -60.72741
21     12     4     176.31045
21     12     5     -82.14610
21     12     6     6.05498
21     12     7     -4.60204
21     12     8     -3.10658
21     12     9     7.35885
21     12     10     -10.19945
21     12     11     -8.68174
21     12     12     -10.57967
21     13     1     -24.56540
21     13     2     -33.14462
21     13     3     -25.56863
21     13     4     98.18541
21     13     5     -30.08037
21     13     6     5.81421
21     13     7     1.25242
21     13     8     -4.19917
21     13     9     4.25369
21     13     10     1.02406
21     13     12     1.62291
21     13     13     1.27234
21     14     1     -12.51656
21     14     2     -21.47976
21     14     3     -8.74264
21     14     4     12.40491
21     14     5     68.32713
21     14     6     11.51400
21     14     7     12.30424
21     14     8     7.10201
21     14     9     -5.15870
21     14     10     4.65898
21     14     11     -18.22632
21     14     12     -11.44304
21     14     13     -0.92637
21     14     14     5.01354
21     15     1     2.76060
21     15     2     -18.92617
21     15     3     16.60588
21     15     4     -4.04513
21     15     5     56.97932
21     15     6     5.61616
21     15     7     9.24042
21     15     8     15.40236
21     15     9     -2.11991
21     15     10     -5.45609
21     15     11     6.56055
21     15     12     -2.77479
21     15     13     4.21947
21     15     14     -1.07070
21     15     15     -1.07471
21     16     1     -60.86978
21     16     2     -109.58126
21     16     3     -103.07368
21     16     4     -89.31152
21     16     5     -60.10897
21     16     6     16.60561
21     16     7     6.94459
21     16     8     3.59665
21     16     9     2.85652
21     16     10     7.03633
21     16     12     -4.54064
21     16     13     10.86677
21     16     14     10.42023
21     16     15     1.86681
21     17     1     43.66515
21     17     2     136.74174
21     17     3     96.61527
21     17     4     235.29711
21     17     5     159.48465
21     17     6     -4.89542
21     17     7     22.55281
21     17     8     16.89518
21     17     9     -8.25778
21     17     10     -3.09970
21     17     11     -16.32217
21     17     12     -8.95822
21     17     13     4.49449
21     17     14     -4.84166
21     17     15     1.72341
21     17     17     4.36765
21     18     1     14.99756
21     18     2     -31.69137
21     18     3     -30.88736
21     18     4     -156.63288
21     18     5     32.85700
21     18     6     10.35471
21     18     7     22.24252
21     18     8     17.27730
21     18     9     4.15051
21     18     10     -28.77743
21     18     11     19.27869
21     18     12     18.96449
21     18     13     -35.73165
21     18     14     -41.68123
21     18     15     26.99384
21     18     17     -8.10479
21     18     18     18.60233
21     19     1     -22.15008
21     19     2     13.50430
21     19     3     -21.10739
21     19     4     124.78959
21     19     5     83.88164
21     19     6     16.69746
21     19     7     30.31867
21     19     8     10.11847
21     19     9     4.75597
21     19     10     -4.61106
21     19     11     25.43569
21     19     12     48.20609
21     19     13     -40.27652
21     19     14     16.26526
21     19     15     25.07435
21     19     16     -44.00562
21     19     17     -19.38394
21     19     18     40.22268
21     19     19     -37.37803
21     20     1     -37.44864
21     20     2     63.51335
21     20     3     128.21869
21     20     4     3.91297
21     20     5     489.06163
21     20     6     44.01884
21     20     7     26.37478
21     20     9     77.43531
21     20     10     24.33995
21     20     11     24.54228
21     20     12     -12.50526
21     20     13     -28.68486
21     20     14     -23.03933
21     20     15     -30.29694
21     20     16     -36.08910
21     20     18     5.87738
21     20     20     -10.06436
21     21     1     -53.05967
21     21     2     -81.37993
21     21     3     -56.37649
21     21     4     284.03363
21     21     5     -265.18400
21     21     6     -30.36188
21     21     7     -16.76097
21     21     8     -42.62492
21     21     9     -10.19026
21     21     10     -72.52203
21     21     11     40.27406
21     21     12     196.06099
21     21     13     -224.39849
21     21     14     126.69709
21     21     15     -7.78322
21     21     16     -82.47009
21     21     17     -56.00199
21     21     18     62.15201
21     21     19     -41.91603
21     21     20     38.71296
21     21     21     49.55904
