1 1 1 1 185.87185 
2 1 1 1 -62.19701 
2 2 1 1 65.65754 
2 2 2 1 66.45725 
2 2 2 2 196.95303 
3 3 1 1 -15.45625 
3 3 2 2 -7.36415 
3 3 3 3 15.23446 
4 3 1 1 -13.7309 
4 3 2 2 11.06379 
4 4 1 1 -27.23902 
4 4 2 2 -54.59043 
4 4 2 1 -13.7195 
4 4 3 3 5.84914 
4 4 4 4 14.46241 
5 3 1 1 6.64319 
5 4 1 1 7.85272 
5 5 3 3 20.77698 
5 5 5 3 12.38635 
5 5 5 5 44.56044 
6 3 1 1 34.15353 
6 3 2 2 16.06361 
6 4 1 1 29.43114 
6 4 2 2 -30.9534 
6 4 4 4 8.34986 
6 5 1 1 -14.76825 
6 5 5 5 7.15458 
6 5 5 3 7.60673 
6 6 1 1 -77.59528 
6 6 2 2 -40.88623 
6 6 2 1 19.33469 
6 6 3 3 7.7061 
6 6 4 4 14.757 
6 6 6 3 -16.47154 
6 6 6 4 -8.65705 
6 6 6 5 6.57141 
6 6 6 6 54.07771 
7 3 1 1 7.17807 
7 3 2 2 -8.71069 
7 4 1 1 16.85292 
7 4 2 2 40.54522 
7 4 3 3 5.48719 
7 4 4 4 -10.83212 
7 4 4 3 5.13285 
7 5 5 5 -5.578 
7 6 1 1 -15.46965 
7 6 2 2 24.6663 
7 6 4 4 -5.8394 
7 6 6 4 -11.73628 
7 7 1 1 -10.98097 
7 7 2 2 -30.12313 
7 7 2 1 -9.5215 
7 7 3 3 11.62176 
7 7 4 4 12.76405 
7 7 5 3 -6.08367 
7 7 5 5 5.21887 
7 7 6 4 7.06832 
7 7 6 6 13.57301 
7 7 7 5 -6.29988 
7 7 7 3 10.61955 
7 7 7 7 18.46404 
8 3 1 1 -9.13834 
8 3 3 3 10.4925 
8 4 1 1 -13.29094 
8 4 2 2 -16.00683 
8 4 4 4 5.73105 
8 5 3 3 10.1068 
8 5 5 3 15.44552 
8 5 5 5 21.40827 
8 6 1 1 20.37825 
8 6 2 2 -6.03774 
8 6 5 5 5.6999 
8 6 6 6 -10.67497 
8 6 6 3 5.94951 
8 6 6 4 7.64866 
8 7 1 1 8.12058 
8 7 2 2 11.4432 
8 7 6 6 -6.38881 
8 8 1 1 -7.48346 
8 8 3 3 5.52736 
8 8 5 3 10.98052 
8 8 5 5 16.36535 
8 8 6 5 5.39383 
8 8 6 6 5.84664 
8 8 8 5 7.09463 
8 8 8 3 7.28964 
8 8 8 8 9.4219 
9 3 1 1 6.60789 
9 4 1 1 6.49097 
9 5 5 5 -7.53036 
9 6 1 1 -15.30885 
9 6 2 2 -5.49624 
9 6 6 6 11.17808 
10 10 1 1 -116.29014 
10 10 2 2 -60.76474 
10 10 2 1 29.54628 
10 10 6 3 -6.38731 
10 10 6 6 12.12595 
10 10 7 4 -5.41999 
10 10 10 10 90.54027 
11 10 1 1 -58.49239 
11 10 2 2 61.03461 
11 10 10 10 28.67515 
11 11 1 1 -70.17609 
11 11 2 2 -140.49724 
11 11 2 1 -35.87976 
11 11 4 4 11.31554 
11 11 6 3 -5.79089 
11 11 6 4 6.7538 
11 11 6 6 14.07834 
11 11 7 4 -11.12014 
11 11 7 6 -6.84023 
11 11 7 7 8.15387 
11 11 10 10 72.24432 
11 11 11 10 -49.05818 
11 11 11 11 150.11692 
12 10 1 1 -38.95003 
12 10 2 2 -13.39693 
12 10 10 10 28.13064 
12 11 1 1 -22.54786 
12 11 2 2 7.14747 
12 11 10 10 14.2396 
12 11 11 10 17.70537 
12 12 1 1 -13.65967 
12 12 2 1 5.12204 
12 12 3 3 -8.18694 
12 12 5 5 -6.59341 
12 12 5 3 5.52874 
12 12 7 7 -5.1212 
12 12 10 10 8.87227 
12 12 11 10 5.25254 
13 10 1 1 -43.5771 
13 10 2 2 20.56857 
13 10 10 10 26.07078 
13 11 1 1 -40.91624 
13 11 2 2 -57.88477 
13 11 4 4 7.04045 
13 11 6 6 8.03573 
13 11 7 7 6.27364 
13 11 10 10 40.43392 
13 11 11 10 -15.42756 
13 11 11 11 64.12276 
13 12 1 1 -15.96358 
13 12 7 7 -6.76044 
13 12 10 10 11.26192 
13 13 1 1 -25.12012 
13 13 2 2 -24.54426 
13 13 3 3 -9.34285 
13 13 4 3 -5.59389 
13 13 5 5 -8.84147 
13 13 7 7 -11.73809 
13 13 7 3 -9.32354 
13 13 7 4 -6.99734 
13 13 7 5 6.05336 
13 13 10 10 23.89892 
13 13 11 11 29.5216 
13 13 12 12 7.80974 
13 13 13 11 8.98502 
13 13 13 12 10.60791 
13 13 13 13 32.56175 
14 14 1 1 -85.0829 
14 14 2 2 -97.35673 
14 14 2 1 -5.05619 
14 14 4 4 7.44296 
14 14 6 3 -5.4957 
14 14 6 6 12.04496 
14 14 7 4 -7.74854 
14 14 10 10 73.12147 
14 14 11 10 -13.00954 
14 14 11 11 100.99675 
14 14 12 12 5.56289 
14 14 12 10 21.19582 
14 14 13 12 5.41664 
14 14 13 13 25.21919 
14 14 13 11 50.50669 
14 14 14 14 82.17983 
15 14 1 1 79.04246 
15 14 2 2 -72.31412 
15 14 4 4 5.49716 
15 14 6 6 -8.12508 
15 14 10 10 -38.78577 
15 14 11 11 59.47183 
15 14 12 12 -7.29868 
15 14 14 14 10.7945 
15 15 1 1 -144.13067 
15 15 2 2 -116.83975 
15 15 2 1 13.68849 
15 15 4 4 10.6962 
15 15 6 3 -9.92547 
15 15 6 6 24.93013 
15 15 7 4 -10.33859 
15 15 7 7 7.55908 
15 15 8 4 6.17797 
15 15 9 6 5.89161 
15 15 10 10 118.48674 
15 15 11 10 8.10224 
15 15 11 11 138.56911 
15 15 12 12 10.49658 
15 15 12 11 12.57857 
15 15 12 10 37.71839 
15 15 13 12 12.91246 
15 15 13 10 20.67094 
15 15 13 13 39.02435 
15 15 13 11 67.84142 
15 15 14 14 118.53284 
15 15 15 14 -17.48251 
15 15 15 15 185.14997 
16 14 1 1 -24.68944 
16 14 2 2 -46.06305 
16 14 10 10 26.00361 
16 14 11 11 50.78113 
16 14 13 13 8.83841 
16 14 14 14 34.56867 
16 15 1 1 15.10738 
16 15 2 2 -40.91985 
16 15 11 11 39.30226 
16 15 14 14 19.03718 
16 15 15 15 14.04819 
16 15 15 14 46.48637 
16 16 1 1 -7.99139 
16 16 2 2 -22.20896 
16 16 2 1 -7.38946 
16 16 3 3 -8.77064 
16 16 5 5 -11.84355 
16 16 10 10 10.22264 
16 16 11 10 -9.59292 
16 16 11 11 23.47209 
16 16 12 12 6.03362 
16 16 13 13 8.14803 
16 16 13 11 11.44038 
16 16 14 14 15.74153 
16 16 15 14 11.61681 
16 16 15 15 22.43387 
16 16 16 15 8.02622 
16 16 16 16 17.15895 
17 17 1 1 142.16372 
17 17 2 1 -15.38293 
17 17 2 2 113.30823 
17 17 3 3 -12.7032 
17 17 4 4 -37.32151 
17 17 5 4 6.49583 
17 17 6 6 -64.36273 
17 17 6 5 -9.77519 
17 17 6 4 7.4161 
17 17 6 3 27.60399 
17 17 7 7 -18.35523 
17 17 7 4 25.50536 
17 17 8 4 -14.29052 
17 17 8 8 -6.69386 
17 17 8 3 -5.01 
17 17 8 7 9.38488 
17 17 8 6 10.82376 
17 17 9 6 -11.82772 
17 17 10 10 -96.54834 
17 17 11 11 -96.6488 
17 17 11 10 -15.5074 
17 17 12 10 -29.84305 
17 17 12 11 -11.95329 
17 17 12 12 -10.11582 
17 17 13 11 -47.49004 
17 17 13 13 -24.65607 
17 17 13 10 -20.46291 
17 17 13 12 -9.47664 
17 17 14 14 -89.05538 
17 17 15 15 -134.24814 
17 17 15 14 23.71168 
17 17 16 14 -32.2549 
17 17 16 16 -13.2221 
17 17 16 15 -5.22003 
17 17 17 17 131.90811 
18 17 1 1 -85.67016 
18 17 2 2 91.56142 
18 17 3 3 6.08442 
18 17 4 4 -18.97855 
18 17 6 6 26.6354 
18 17 7 7 -12.97756 
18 17 10 10 40.69488 
18 17 11 11 -49.26788 
18 17 12 12 7.0039 
18 17 14 14 -7.65335 
18 17 15 15 19.04015 
18 17 16 16 -9.95142 
18 17 17 17 -21.25989 
18 18 1 1 110.3731 
18 18 2 1 19.26198 
18 18 2 2 149.31682 
18 18 3 3 -10.59774 
18 18 4 4 -44.68441 
18 18 5 4 5.26481 
18 18 6 6 -54.95239 
18 18 6 4 -8.82579 
18 18 6 5 -6.02035 
18 18 6 3 22.71204 
18 18 7 7 -23.44165 
18 18 7 6 9.87699 
18 18 7 4 31.94503 
18 18 8 4 -15.20767 
18 18 8 8 -5.99357 
18 18 8 7 10.25782 
18 18 9 6 -9.24178 
18 18 10 10 -82.35875 
18 18 11 11 -115.13394 
18 18 11 10 17.22191 
18 18 12 10 -23.10804 
18 18 12 12 -7.36083 
18 18 13 11 -51.86279 
18 18 13 13 -24.6542 
18 18 14 14 -93.3955 
18 18 15 15 -126.61179 
18 18 15 14 -16.84198 
18 18 16 14 -38.36253 
18 18 16 15 -20.21564 
18 18 16 16 -16.85184 
18 18 17 17 124.60277 
18 18 18 17 26.51493 
18 18 18 18 135.98099 
19 19 1 1 -18.16179 
19 19 2 2 -17.83487 
19 19 3 3 11.72488 
19 19 4 3 -6.25667 
19 19 5 3 -10.46893 
19 19 5 5 10.65154 
19 19 6 6 7.86758 
19 19 7 3 -7.14252 
19 19 7 5 5.54437 
19 19 12 12 -8.70145 
19 19 16 16 -12.26103 
19 19 16 14 6.06482 
19 19 17 17 -17.87002 
19 19 18 18 -18.12401 
19 19 19 19 21.28699 
20 19 1 1 24.90276 
20 19 2 2 -14.8939 
20 19 6 6 -6.35384 
20 19 17 17 10.40956 
20 20 1 1 -58.80382 
20 20 2 2 -37.35103 
20 20 2 1 11.22017 
20 20 4 4 11.92804 
20 20 6 3 -10.91162 
20 20 6 5 5.39118 
20 20 6 6 21.99759 
20 20 7 4 -9.11076 
20 20 7 7 6.28834 
20 20 10 10 9.50889 
20 20 11 11 9.9531 
20 20 13 11 6.06746 
20 20 14 14 8.52964 
20 20 15 15 14.66426 
20 20 17 17 -51.07485 
20 20 18 18 -45.49834 
20 20 18 17 15.42036 
20 20 20 20 17.21804 
21 19 1 1 -5.65594 
21 19 2 2 -25.42187 
21 19 4 4 6.56231 
21 19 6 6 5.15403 
21 19 7 7 5.32367 
21 19 11 11 5.72527 
21 19 17 17 -12.97244 
21 19 18 18 -18.20381 
21 20 2 2 -33.9417 
21 20 4 4 8.59495 
21 20 7 7 6.82776 
21 20 11 11 8.09187 
21 20 14 14 5.38062 
21 20 15 15 6.24324 
21 20 17 17 -14.63379 
21 20 18 18 -22.92661 
21 21 1 1 -7.95822 
21 21 2 2 -43.87901 
21 21 2 1 -18.23644 
21 21 4 4 11.98341 
21 21 6 4 9.03025 
21 21 6 6 9.27126 
21 21 7 4 -9.0309 
21 21 7 6 -8.06085 
21 21 7 7 7.5304 
21 21 11 11 8.49989 
21 21 15 14 6.01957 
21 21 15 15 6.77987 
21 21 17 17 -21.06589 
21 21 18 18 -30.77321 
21 21 18 17 -25.11587 
21 21 20 19 5.80139 
21 21 20 20 6.84979 
21 21 21 18 -5.69834 
21 21 21 19 5.03632 
21 21 21 20 7.57716 
21 21 21 21 8.61461 
22 19 1 1 -25.91261 
22 19 2 2 -19.60695 
22 19 4 4 5.2879 
22 19 6 6 12.27054 
22 19 10 10 5.09255 
22 19 11 11 5.8721 
22 19 14 14 5.06079 
22 19 15 15 8.08656 
22 19 16 16 5.24793 
22 19 17 17 -23.8312 
22 19 18 18 -21.91636 
22 19 19 19 -8.16826 
22 20 1 1 39.56264 
22 20 2 2 -13.5921 
22 20 6 6 -12.85607 
22 20 10 10 -6.08739 
22 20 15 15 -6.02353 
22 20 17 17 20.17444 
22 20 18 18 6.04848 
22 20 20 20 -7.17287 
22 20 20 19 9.64094 
22 21 1 1 -6.56828 
22 21 2 2 -27.02974 
22 21 4 4 6.9558 
22 21 6 6 10.07057 
22 21 7 7 6.08956 
22 21 11 11 7.93941 
22 21 15 15 7.08364 
22 21 17 17 -14.01486 
22 21 18 18 -19.64956 
22 21 21 21 9.16285 
22 22 1 1 -38.10592 
22 22 2 2 -23.56912 
22 22 2 1 7.93694 
22 22 4 4 8.40381 
22 22 6 3 -8.21156 
22 22 6 6 23.36741 
22 22 7 7 6.41658 
22 22 10 10 6.32555 
22 22 11 11 7.07588 
22 22 14 14 5.09007 
23 19 15 15 6.29161 
23 19 17 17 -11.47797 
23 19 18 18 -11.08758 
23 20 1 1 18.47475 
23 20 2 2 -7.77447 
23 20 6 6 -6.3235 
23 20 17 17 9.11098 
23 20 20 19 5.67057 
23 21 2 2 -14.55868 
23 21 17 17 -7.53529 
23 21 18 18 -10.5827 
23 22 1 1 -17.70234 
23 22 2 2 -11.85565 
23 22 4 4 5.02668 
23 22 6 6 12.08303 
23 22 11 11 5.21094 
23 22 15 15 8.47548 
23 22 17 17 -15.63384 
23 22 18 18 -14.30583 
23 22 19 19 5.18285 
23 22 20 20 6.65559 
23 22 22 22 6.53989 
23 23 1 1 -9.27852 
23 23 2 2 -6.57287 
23 23 6 6 5.43345 
23 23 7 4 -5.00041 
23 23 17 17 -8.07895 
23 23 18 18 -7.47651 
24 19 1 1 -6.12399 
24 19 2 2 15.53419 
24 19 4 4 -7.42035 
24 19 18 18 7.62607 
24 19 19 19 -7.08582 
24 20 1 1 20.84636 
24 20 2 2 26.52807 
24 20 4 4 -10.28781 
24 20 6 6 -11.7184 
24 20 7 7 -6.2937 
24 20 10 10 -6.4899 
24 20 11 11 -9.60605 
24 20 14 14 -7.68575 
24 20 15 15 -11.25763 
24 20 17 17 22.8886 
24 20 18 18 24.75647 
24 20 19 19 -6.20574 
24 20 20 20 -8.51891 
24 21 2 2 28.80846 
24 21 4 4 -9.94983 
24 21 6 6 -6.86471 
22 22 15 15 11.39013 
22 22 17 17 -32.93225 
22 22 18 18 -29.12342 
22 22 18 17 10.75906 
22 22 19 19 8.33435 
22 22 20 20 10.97665 
22 22 22 20 -7.35378 
22 22 22 19 5.34245 
22 22 22 21 8.64906 
22 22 22 22 12.01274 
23 19 1 1 -11.84449 
23 19 2 2 -10.23256 
23 19 4 4 6.1878 
23 19 6 6 6.79735 
24 21 7 7 -7.3326 
24 21 11 11 -10.0773 
24 21 14 14 -5.49218 
24 21 15 15 -7.75705 
24 21 17 17 13.26882 
24 21 18 18 19.89002 
24 21 20 20 -7.27406 
24 21 21 21 -11.54784 
24 22 1 1 -10.37075 
24 22 2 2 15.63152 
24 22 18 18 6.07302 
24 22 22 21 -5.92183 
24 22 22 20 -5.67698 
24 23 2 2 8.61812 
24 24 1 1 -8.70356 
24 24 2 2 -20.52589 
24 24 2 1 -6.0479 
24 24 4 4 7.64539 
24 24 6 4 5.99566 
24 24 6 6 7.69604 
24 24 7 4 -8.0901 
24 24 7 6 -5.95883 
24 24 7 7 7.51336 
24 24 8 7 -5.35807 
24 24 11 11 7.2168 
24 24 15 15 7.15792 
24 24 17 17 -12.99872 
24 24 18 18 -16.30459 
24 24 18 17 -8.26066 
24 24 20 20 5.32275 
24 24 21 20 6.77657 
24 24 21 21 7.62831 
24 24 22 19 5.84972 
24 24 22 21 6.26535 
24 24 24 21 -9.16316 
24 24 24 20 -6.48679 
24 24 24 22 -6.29419 
24 24 24 24 10.56469 
25 25 1 1 -111.16704 
25 25 2 2 -64.6085 
25 25 2 1 24.86306 
25 25 6 3 -6.19281 
25 25 6 6 11.63135 
25 25 7 4 -5.74057 
25 25 10 10 86.49676 
25 25 11 10 23.2066 
25 25 11 11 74.04808 
25 25 12 12 8.40387 
25 25 12 11 12.80946 
25 25 12 10 27.0168 
25 25 13 12 10.6038 
25 25 13 13 23.34531 
25 25 13 10 23.4128 
25 25 13 11 40.90997 
25 25 14 14 72.31275 
25 25 15 14 -32.5528 
25 25 15 15 115.87049 
25 25 16 16 10.44619 
25 25 16 14 26.89721 
25 25 17 17 -94.64269 
25 25 18 18 -82.82277 
25 25 18 17 34.30037 
25 25 20 20 9.27744 
25 25 22 20 -5.3714 
25 25 22 19 5.11025 
25 25 22 22 6.06696 
25 25 24 20 -6.58458 
25 25 25 25 84.66025 
26 25 1 1 -54.96509 
26 25 2 2 49.86693 
26 25 10 10 27.45599 
26 25 11 11 -38.77413 
26 25 14 14 -7.11692 
26 25 15 15 12.49485 
26 25 16 16 -8.34036 
26 25 17 17 -17.28593 
26 25 18 18 11.28775 
26 25 25 25 23.22905 
26 26 1 1 -56.55596 
26 26 2 2 -89.99165 
26 26 2 1 -17.04646 
26 26 4 4 6.80674 
26 26 6 6 9.72403 
26 26 7 4 -7.11037 
26 26 10 10 52.45152 
26 26 11 10 -24.32438 
26 26 11 11 95.19336 
26 26 12 10 14.38815 
26 26 13 10 -5.09676 
26 26 13 13 19.69395 
26 26 13 11 41.70572 
26 26 14 14 66.06095 
26 26 15 14 27.47779 
26 26 15 15 94.61928 
26 26 16 16 15.28782 
26 26 16 15 22.31904 
26 26 16 14 32.38211 
26 26 17 17 -69.40033 
26 26 18 18 -78.02081 
26 26 18 17 -23.27213 
26 26 20 20 6.13334 
26 26 21 20 6.07343 
26 26 22 21 5.67203 
26 26 24 20 -6.54462 
26 26 24 21 -5.66753 
26 26 25 25 53.67748 
26 26 26 25 -18.29925 
26 26 26 26 61.75887 
27 25 1 1 17.1676 
27 25 2 2 -39.18681 
27 25 10 10 -5.69947 
27 25 11 11 33.89552 
27 25 14 14 14.38043 
27 25 15 15 9.06474 
27 25 18 18 -18.5828 
27 26 1 1 26.08538 
27 26 2 2 60.79522 
27 26 4 4 -5.91408 
27 26 5 5 -6.49157 
27 26 6 6 -6.55146 
27 26 10 10 -28.65469 
27 26 11 11 -63.04846 
27 26 13 13 -11.69715 
27 26 14 14 -42.72616 
27 26 15 15 -56.85921 
27 26 16 16 -8.9338 
27 26 17 17 39.0165 
27 26 18 18 48.2058 
27 26 20 20 -5.51247 
27 26 21 21 -5.74603 
27 26 25 25 -30.09511 
27 26 26 26 -42.22738 
27 26 26 25 18.91733 
27 27 1 1 -13.60043 
27 27 2 2 -42.40027 
27 27 2 1 -14.58773 
27 27 3 3 -7.78048 
27 27 5 5 -14.0449 
27 27 5 3 -5.74654 
27 27 10 10 15.88163 
27 27 11 10 -19.09073 
27 27 11 11 41.20125 
27 27 13 10 -7.15839 
27 27 13 13 9.83866 
27 27 13 11 17.18502 
27 27 14 14 27.04804 
27 27 15 14 22.68098 
27 27 15 15 33.81767 
27 27 16 16 8.10686 
27 27 16 15 12.68632 
27 27 16 14 12.92286 
27 27 17 17 -24.20127 
27 27 18 18 -31.89241 
27 27 18 17 -20.14083 
27 27 25 25 16.9653 
27 27 26 25 -15.54045 
27 27 26 26 26.3912 
27 27 27 26 -17.72332 
27 27 27 27 9.73137 
27 27 27 25 11.31437 
28 25 1 1 53.66202 
28 25 3 3 -5.28817 
28 25 6 6 -6.09736 
28 25 10 10 -36.9716 
28 25 11 11 -8.04049 
28 25 14 14 -20.28763 
28 25 15 15 -41.60336 
28 25 17 17 34.93945 
28 25 18 18 20.93169 
28 25 25 25 -34.11607 
28 26 1 1 37.02216 
28 26 2 2 17.40072 
28 26 6 6 -5.50415 
28 26 10 10 -29.05525 
28 26 11 11 -22.24877 
28 26 13 13 -5.02236 
28 26 14 14 -23.52734 
28 26 15 15 -37.9292 
28 26 17 17 30.23516 
28 26 18 18 24.75664 
28 26 25 25 -27.8057 
28 26 26 26 -16.08785 
28 26 26 25 -10.24352 
28 27 1 1 -14.45109 
28 27 2 2 -10.27669 
28 27 5 5 -6.82919 
28 27 10 10 12.42877 
28 27 11 11 13.29417 
28 27 14 14 11.95502 
28 27 15 15 17.84321 
28 27 17 17 -13.08927 
28 27 18 18 -11.92948 
28 27 25 25 12.04421 
28 27 26 26 9.80293 
28 28 1 1 -29.6935 
28 28 2 2 -6.85348 
28 28 2 1 11.65713 
28 28 3 3 -11.93105 
28 28 5 5 -13.18104 
28 28 7 7 -7.25612 
28 28 10 10 21.77999 
28 28 11 11 10.45075 
28 28 11 10 12.00378 
28 28 12 12 6.75434 
28 28 13 10 7.52404 
28 28 13 12 7.90197 
28 28 13 13 13.32891 
28 28 14 14 14.70492 
28 28 15 14 -16.70343 
28 28 15 15 29.54277 
28 28 16 15 -6.42163 
28 28 16 16 6.75354 
28 28 17 17 -21.41827 
28 28 18 18 -15.18707 
28 28 18 17 16.02075 
28 28 19 19 -7.65197 
28 28 25 25 20.89238 
28 28 26 26 9.05731 
28 28 26 25 11.05222 
28 28 28 25 -8.06501 
28 28 28 26 -6.20632 
28 28 28 28 17.36953 
29 29 1 1 191.39018 
29 29 2 1 -67.98828 
29 29 2 2 59.94171 
29 29 3 3 -15.91053 
29 29 4 4 -26.05843 
29 29 4 3 -14.83391 
29 29 4 1 5.07561 
29 29 5 3 6.953 
29 29 5 4 8.03188 
29 29 6 6 -79.35642 
29 29 6 5 -15.3956 
29 29 6 4 32.1307 
29 29 6 3 35.02982 
29 29 7 6 -17.22749 
29 29 7 7 -10.19318 
29 29 7 3 7.89945 
29 29 7 4 15.82824 
29 29 8 4 -13.20471 
29 29 8 3 -9.66233 
29 29 8 8 -7.61132 
29 29 8 7 7.99239 
29 29 8 6 21.55657 
29 29 9 6 -15.75278 
29 29 9 3 6.8148 
29 29 9 4 6.89865 
29 29 10 10 -118.86215 
29 29 11 11 -67.06209 
29 29 11 10 -63.70826 
29 29 12 10 -40.10353 
29 29 12 11 -23.81942 
29 29 12 12 -14.11763 
29 29 13 10 -46.42186 
29 29 13 11 -40.14804 
29 29 13 13 -25.1475 
29 29 13 12 -16.7369 
29 29 14 14 -84.60269 
29 29 15 15 -145.15675 
29 29 15 14 85.69837 
29 29 16 14 -23.72318 
29 29 16 16 -7.33091 
29 29 16 15 17.55126 
29 29 17 17 143.62372 
29 29 18 17 -93.65776 
29 29 18 18 108.79801 
29 29 19 19 -18.23069 
29 29 20 20 -59.80329 
29 29 20 19 26.6745 
29 29 21 21 -6.38772 
29 29 22 22 -38.83052 
29 29 22 19 -26.20731 
29 29 22 21 -5.69386 
29 29 22 20 41.96373 
29 29 23 22 -18.00211 
29 29 23 19 -11.93918 
29 29 23 23 -9.43147 
29 29 23 20 19.65322 
29 29 24 22 -11.49537 
29 29 24 24 -8.25426 
29 29 24 19 -7.07937 
29 29 24 23 -5.19231 
29 29 24 20 20.65132 
29 29 25 25 -113.27111 
29 29 26 25 -59.51432 
29 29 26 26 -55.10992 
29 29 27 27 -12.36802 
29 29 27 25 19.60877 
29 29 27 26 24.5646 
29 29 28 28 -30.67445 
29 29 28 27 -14.63997 
29 29 28 26 37.87727 
29 29 28 25 55.88588 
29 29 29 29 197.5116 
30 29 1 1 -56.44318 
30 29 2 2 60.29244 
30 29 4 4 -12.44468 
30 29 6 6 17.493 
30 29 7 7 -8.72847 
30 29 10 10 26.80867 
30 29 11 11 -32.57164 
30 29 15 15 12.53509 
30 29 16 16 -6.68539 
30 29 17 17 -13.97266 
30 29 18 18 17.47111 
30 29 20 20 10.18753 
30 29 21 21 -16.59372 
30 29 22 22 7.17365 
30 29 24 24 -5.71677 
30 29 25 25 22.62123 
30 29 26 26 -15.60207 
30 29 27 27 -13.32443 
30 29 28 28 10.53411 
30 29 29 29 -61.71291 
30 30 1 1 60.32382 
30 30 2 1 72.27235 
30 30 2 2 202.87238 
30 30 3 3 -7.07534 
30 30 4 4 -55.91104 
30 30 4 3 12.22101 
30 30 6 6 -39.40126 
30 30 6 4 -33.78854 
30 30 6 3 15.26891 
30 30 7 7 -31.28536 
30 30 7 3 -9.48884 
30 30 7 6 26.7115 
30 30 7 4 41.75113 
30 30 8 4 -16.22296 
30 30 8 6 -7.40646 
30 30 8 8 -5.06312 
30 30 8 7 11.79923 
30 30 9 6 -5.15061 
30 30 10 10 -58.30639 
30 30 11 11 -143.80842 
30 30 11 10 66.53083 
30 30 12 10 -12.28869 
30 30 12 11 8.61738 
30 30 13 11 -58.59555 
30 30 13 13 -24.28277 
30 30 13 10 23.52251 
30 30 14 14 -97.77157 
30 30 15 15 -115.45605 
30 30 15 14 -78.90593 
30 30 16 14 -46.91608 
30 30 16 15 -43.30557 
30 30 16 16 -22.75106 
30 30 17 17 112.11851 
30 30 18 17 99.55689 
30 30 18 18 151.17117 
30 30 19 19 -17.81638 
30 30 20 20 -36.43908 
30 30 20 19 -16.70213 
30 30 21 21 -45.6945 
30 30 21 20 -35.40374 
30 30 21 19 -26.3455 
30 30 22 21 -28.06028 
30 30 22 22 -23.03375 
30 30 22 19 -19.32267 
30 30 22 20 -16.07228 
30 30 23 21 -15.1689 
30 30 23 22 -11.59162 
30 30 23 19 -10.19377 
30 30 23 20 -9.01281 
30 30 23 23 -6.51823 
30 30 24 24 -21.75341 
30 30 24 23 9.32145 
30 30 24 19 16.53793 
30 30 24 22 17.0485 
30 30 24 20 26.91982 
30 30 24 21 30.32313 
30 30 25 25 -62.5421 
30 30 26 26 -91.84977 
30 30 26 25 54.72179 
30 30 27 27 -43.92179 
30 30 27 25 -41.86976 
30 30 27 26 62.64602 
30 30 28 27 -10.20371 
30 30 28 28 -5.97795 
30 30 28 26 16.74724 
30 30 29 29 54.12165 
30 30 30 29 65.61076 
30 30 30 30 209.71435 
31 31 1 1 -29.75253 
31 31 2 2 -21.2315 
31 31 3 3 6.25466 
31 31 4 3 6.13124 
31 31 4 4 9.13152 
31 31 5 5 7.17185 
31 31 6 6 12.52933 
31 31 7 3 8.75745 
31 31 7 7 13.60177 
31 31 8 5 -5.1973 
31 31 12 12 -5.06952 
31 31 13 13 -12.72295 
31 31 13 11 6.15872 
31 31 15 15 6.95065 
31 31 17 17 -26.86546 
31 31 18 18 -24.5008 
31 31 18 17 6.3261 
31 31 20 20 9.68319 
31 31 21 21 5.26661 
31 31 22 19 6.18742 
31 31 23 19 5.56599 
31 31 28 28 -5.76083 
31 31 29 29 -30.1589 
31 31 30 30 -20.79594 
31 31 31 31 14.2165 
32 31 1 1 -9.72079 
32 31 2 2 22.65933 
32 31 3 3 5.327 
32 31 11 11 -5.48884 
32 31 18 18 10.68078 
32 31 21 21 -8.39243 
32 31 29 29 -11.1605 
32 31 30 30 24.15936 
32 32 1 1 -15.09246 
32 32 2 2 -42.97403 
32 32 2 1 -13.63904 
32 32 3 3 15.83712 
32 32 4 3 -6.97258 
32 32 4 4 14.4814 
32 32 5 3 -13.77384 
32 32 5 5 15.58318 
32 32 6 4 6.89815 
32 32 6 6 11.95495 
32 32 7 6 -7.59291 
32 32 7 4 -6.85683 
32 32 7 7 14.07413 
32 32 8 4 7.28344 
32 32 9 3 -5.31558 
32 32 10 10 5.72451 
32 32 11 11 12.95905 
32 32 12 12 -10.97587 
32 32 13 11 6.70823 
32 32 14 14 8.34814 
32 32 15 14 6.48205 
32 32 15 15 10.38001 
32 32 16 16 -11.56112 
32 32 16 14 7.55032 
32 32 17 17 -25.15002 
32 32 18 18 -33.0734 
32 32 18 17 -18.95799 
32 32 19 19 24.8103 
32 32 20 20 8.24043 
32 32 21 20 7.48189 
32 32 21 21 12.48878 
32 32 22 19 -5.84796 
32 32 22 21 8.58875 
32 32 22 22 10.35185 
32 32 23 22 7.4809 
32 32 24 20 -10.97686 
32 32 24 19 -9.35284 
32 32 24 21 -7.20121 
32 32 24 22 -6.04249 
32 32 25 25 6.04148 
32 32 26 26 7.86245 
32 32 27 26 -7.61366 
32 32 28 28 -10.30896 
32 32 28 27 5.37795 
32 32 29 29 -13.92058 
32 32 30 30 -44.12323 
32 32 30 29 -12.28724 
32 32 31 31 7.19192 
32 32 32 32 41.72834 
33 31 1 1 35.97938 
33 31 2 2 14.29892 
33 31 5 5 5.01484 
33 31 6 6 -16.00093 
33 31 10 10 -6.74893 
33 31 14 14 -5.4598 
33 31 15 15 -8.87274 
33 31 17 17 28.12335 
33 31 18 18 22.32507 
33 31 20 20 -7.20794 
33 31 22 22 -6.54819 
33 31 25 25 -6.41463 
33 31 26 26 -5.33192 
33 31 29 29 36.97749 
33 31 30 30 13.23404 
33 32 1 1 16.24719 
33 32 2 2 -9.45147 
33 32 6 6 -7.50552 
33 32 17 17 6.90383 
33 32 20 20 -5.19842 
33 32 29 29 17.44224 
33 32 30 30 -10.44749 
33 33 1 1 -45.57412 
33 33 2 2 -12.46385 
33 33 2 1 17.26319 
33 33 4 3 5.13249 
33 33 4 4 6.23997 
33 33 5 5 8.69601 
33 33 6 3 -8.20752 
33 33 6 4 -7.46261 
33 33 6 5 5.42298 
33 33 6 6 23.91627 
33 33 7 6 6.69068 
33 33 8 6 -7.92299 
33 33 8 5 -6.9296 
33 33 8 8 5.52991 
33 33 10 10 7.29518 
33 33 11 10 5.15326 
33 33 13 13 -5.26324 
33 33 14 14 5.61075 
33 33 15 14 -7.28329 
33 33 15 15 11.31334 
33 33 16 16 -5.183 
33 33 17 17 -33.64483 
33 33 18 18 -24.79953 
33 33 18 17 23.70411 
33 33 20 20 15.55355 
33 33 21 21 5.90132 
33 33 22 20 -6.69807 
33 33 22 19 7.92379 
33 33 22 22 9.63148 
33 33 23 19 5.03114 
33 33 23 23 5.21684 
33 33 23 22 7.44576 
33 33 25 25 6.79978 
33 33 29 29 -47.07239 
33 33 30 30 -10.79564 
33 33 30 29 15.71283 
33 33 31 31 11.63281 
33 33 32 32 6.20697 
33 33 33 32 -9.81704 
33 33 33 33 22.24799 
34 31 1 1 22.15093 
34 31 2 2 -20.35639 
34 31 4 4 6.16001 
34 31 6 6 -7.41802 
34 31 7 7 8.64475 
34 31 17 17 6.62305 
34 31 29 29 24.02451 
34 31 30 30 -22.25266 
34 32 1 1 21.18262 
34 32 2 2 42.64648 
34 32 3 3 7.21604 
34 32 4 4 -11.69906 
34 32 5 5 10.5575 
34 32 6 6 -16.60718 
34 32 7 7 -6.08349 
34 32 10 10 -5.02684 
34 32 11 11 -12.30128 
34 32 14 14 -8.24387 
34 32 15 15 -12.56623 
34 32 16 16 -6.70957 
34 32 17 17 29.09334 
34 32 18 18 34.75707 
34 32 19 19 6.11241 
34 32 20 20 -10.61769 
34 32 21 21 -9.268 
34 32 22 22 -6.8834 
34 32 24 24 -11.07541 
34 32 25 25 -5.14975 
34 32 26 26 -8.1047 
34 32 29 29 20.17641 
34 32 30 30 43.46875 
34 32 32 32 7.6985 
34 32 32 31 9.09489 
34 33 1 1 -32.26912 
34 33 2 2 6.59025 
34 33 6 6 19.18274 
34 33 15 15 6.26704 
34 33 17 17 -18.14387 
34 33 18 18 -7.86354 
34 33 22 22 6.62461 
34 33 29 29 -34.04843 
34 33 30 30 8.07288 
34 33 33 31 -10.80631 
34 34 1 1 -33.90922 
34 34 2 2 -45.1521 
34 34 2 1 -5.37483 
34 34 3 3 7.67424 
34 34 4 4 14.30338 
34 34 5 5 7.74195 
34 34 6 3 -7.4927 
34 34 6 6 30.63257 
34 34 7 4 -10.45325 
34 34 7 7 13.02308 
34 34 8 4 5.47608 
34 34 10 10 5.19769 
34 34 11 11 12.28756 
34 34 13 11 7.50207 
34 34 14 14 7.13534 
34 34 15 15 15.4262 
34 34 16 14 5.34145 
34 34 17 17 -37.99314 
34 34 18 18 -41.43501 
34 34 18 17 -7.38893 
34 34 19 19 10.41504 
34 34 20 20 12.67537 
34 34 21 21 13.50397 
34 34 22 19 6.36137 
34 34 22 21 9.6868 
34 34 22 22 16.48132 
34 34 23 22 9.08801 
34 34 24 20 -9.41157 
34 34 24 21 -8.6218 
34 34 24 24 6.07579 
34 34 25 25 5.30591 
34 34 26 26 7.44295 
34 34 27 26 -6.38835 
34 34 29 29 -33.34933 
34 34 30 30 -45.25846 
34 34 31 31 9.91607 
34 34 32 32 24.19938 
34 34 33 33 14.50829 
34 34 34 32 -7.82406 
34 34 34 34 27.79192 
35 31 1 1 17.64976 
35 31 2 2 18.5201 
35 31 3 3 5.48104 
35 31 6 6 -9.54842 
35 31 7 7 7.15974 
35 31 11 11 -5.86381 
35 31 13 13 -10.73582 
35 31 15 15 -7.25174 
35 31 17 17 17.76782 
35 31 18 18 18.2135 
35 31 19 19 -7.3917 
35 31 20 20 -7.09144 
35 31 23 23 -6.35873 
35 31 28 28 -5.24786 
35 31 29 29 17.64863 
35 31 30 30 18.57022 
35 31 31 31 5.7561 
35 32 2 2 -23.61136 
35 32 4 4 9.29313 
35 32 7 7 11.09914 
35 32 11 11 6.62078 
35 32 13 13 -6.09437 
35 32 17 17 -6.57762 
35 32 18 18 -13.70833 
35 32 19 19 -6.77248 
35 32 21 21 7.44515 
35 32 30 30 -24.84142 
35 32 31 31 7.66278 
35 33 1 1 -20.92471 
35 33 2 2 -11.45821 
35 33 6 6 12.89377 
35 33 15 15 6.87702 
35 33 17 17 -17.6347 
35 33 18 18 -15.05937 
35 33 20 20 5.47295 
35 33 29 29 -21.35029 
35 33 30 30 -10.9321 
35 33 33 31 -6.78618 
35 34 1 1 -10.76471 
35 34 2 2 22.11214 
35 34 11 11 -5.76662 
35 34 13 13 -6.79849 
35 34 18 18 9.96453 
35 34 21 21 -5.91064 
35 34 29 29 -12.22861 
35 34 30 30 23.50407 
35 34 31 31 5.53085 
35 34 32 32 -6.20469 
35 34 33 33 6.9392 
35 34 34 31 -6.04468 
35 34 34 32 6.36915 
35 35 1 1 -11.39746 
35 35 2 2 -16.93387 
35 35 3 3 12.038 
35 35 4 3 5.31944 
35 35 4 4 9.14145 
35 35 5 3 -7.71345 
35 35 6 6 11.89755 
35 35 7 5 -6.42377 
35 35 7 3 10.58877 
35 35 7 7 15.70229 
35 35 12 12 -5.35988 
35 35 13 13 -13.27382 
35 35 13 12 -7.24036 
35 35 13 11 5.22869 
35 35 15 15 5.35831 
35 35 17 17 -13.80933 
35 35 18 18 -15.22643 
35 35 28 28 -7.42392 
35 35 29 29 -11.17056 
35 35 30 30 -17.16521 
35 35 31 31 14.53894 
35 35 32 31 6.5378 
35 35 32 32 11.55141 
35 35 33 33 5.19975 
35 35 34 31 5.57769 
35 35 34 34 10.2366 
35 35 35 34 5.57934 
35 35 35 31 8.8695 
35 35 35 32 9.05747 
35 35 35 35 15.82194 
36 31 1 1 -16.37544 
36 31 3 3 6.74088 
36 31 6 6 9.11878 
36 31 15 15 6.06446 
36 31 17 17 -11.54079 
36 31 18 18 -8.1524 
36 31 20 20 5.50873 
36 31 22 22 5.73499 
36 31 29 29 -17.01595 
36 32 1 1 -8.85011 
36 32 3 3 5.2925 
36 32 6 6 5.44861 
36 32 17 17 -6.14499 
36 32 29 29 -9.21619 
36 32 31 31 5.05379 
36 33 1 1 21.47086 
36 33 6 6 -12.84077 
36 33 15 15 -6.9436 
36 33 17 17 15.29056 
36 33 18 18 10.79377 
36 33 20 20 -6.41615 
36 33 29 29 22.2349 
36 33 31 31 -5.03613 
36 33 33 33 -10.0547 
36 33 33 32 5.37335 
36 34 1 1 16.50313 
36 34 6 6 -11.15549 
36 34 15 15 -5.1995 
36 34 17 17 11.47952 
36 34 18 18 7.80535 
36 34 29 29 17.13983 
36 34 34 33 -7.30261 
36 35 1 1 9.57204 
36 35 6 6 -6.14086 
36 35 17 17 6.74344 
36 35 29 29 9.9176 
36 36 1 1 -10.66605 
36 36 6 6 6.80459 
36 36 17 17 -7.68747 
36 36 18 18 -5.23434 
36 36 18 17 6.2194 
36 36 29 29 -11.05359 
37 37 1 1 156.13886 
37 37 2 1 -30.11171 
37 37 2 2 98.53047 
37 37 3 3 -13.70053 
37 37 4 4 -34.20143 
37 37 4 3 -7.66837 
37 37 5 3 5.20099 
37 37 5 4 6.93166 
37 37 6 6 -68.79875 
37 37 6 5 -11.35594 
37 37 6 4 14.37584 
37 37 6 3 29.70551 
37 37 7 7 -16.31084 
37 37 7 6 -5.67465 
37 37 7 4 22.81913 
37 37 8 4 -14.0316 
37 37 8 8 -7.01229 
37 37 8 3 -6.36318 
37 37 8 7 9.05978 
37 37 8 6 13.87003 
37 37 9 6 -13.01098 
37 37 9 3 5.50226 
37 37 10 10 -103.17864 
37 37 11 11 -88.55707 
37 37 11 10 -29.23741 
37 37 12 10 -32.86939 
37 37 12 11 -15.35125 
37 37 12 12 -11.27176 
37 37 13 11 -45.54502 
37 37 13 10 -27.84829 
37 37 13 13 -24.65713 
37 37 13 12 -11.44748 
37 37 14 14 -87.84916 
37 37 15 15 -137.2767 
37 37 15 14 41.08742 
37 37 16 14 -29.90883 
37 37 16 16 -11.63572 
37 37 17 17 135.36637 
37 37 18 17 -41.56065 
37 37 18 18 120.361 
37 37 19 19 -17.98983 
37 37 20 20 -53.59976 
37 37 20 19 15.00224 
37 37 21 21 -17.03202 
37 37 21 20 -11.16663 
37 37 21 19 -10.72725 
37 37 22 22 -34.73526 
37 37 22 19 -24.56417 
37 37 22 21 -11.76444 
37 37 22 20 26.35962 
37 37 23 22 -16.40245 
37 37 23 19 -11.70923 
37 37 23 23 -8.40317 
37 37 23 21 -6.34948 
37 37 23 20 12.15106 
37 37 24 24 -11.90633 
37 37 24 21 10.61779 
37 37 24 20 22.37368 
37 37 25 25 -100.23347 
37 37 26 26 -65.7156 
37 37 26 25 -29.29686 
37 37 27 27 -21.0068 
37 37 27 26 35.12337 
37 37 28 28 -24.0818 
37 37 28 27 -13.64483 
37 37 28 26 32.59301 
37 37 28 25 40.94809 
37 37 29 29 158.89765 
37 37 30 29 -27.31431 
37 37 30 30 96.09069 
37 37 31 31 -27.87412 
37 37 32 32 -22.05349 
37 37 33 33 -37.46088 
37 37 33 32 9.93545 
37 37 33 31 30.6561 
37 37 34 34 -36.6368 
37 37 34 33 -22.75895 
37 37 34 31 11.49759 
37 37 34 32 26.51817 
37 37 35 33 -18.73971 
37 37 35 35 -13.26019 
37 37 35 31 17.69861 
37 37 36 31 -13.17882 
37 37 36 36 -8.69199 
37 37 36 32 -7.06742 
37 37 36 35 7.65261 
37 37 36 34 13.14816 
37 37 36 33 17.28028 
37 37 37 37 142.29338 
38 37 1 1 -81.84183 
38 37 2 2 87.42134 
38 37 3 3 5.82209 
38 37 4 4 -18.10614 
38 37 6 6 25.41089 
38 37 7 7 -12.50977 
38 37 10 10 38.92936 
38 37 11 11 -46.9665 
38 37 12 12 6.7058 
38 37 14 14 -7.19422 
38 37 15 15 18.26914 
38 37 16 16 -9.50506 
38 37 17 17 -20.31784 
38 37 18 18 25.27866 
38 37 20 20 14.78258 
38 37 21 21 -24.10264 
38 37 22 22 10.22089 
38 37 24 24 -8.25284 
38 37 25 25 32.82117 
38 37 26 26 -22.37779 
38 37 27 27 -19.32435 
38 37 28 28 15.259 
38 37 29 29 -89.46577 
38 37 30 30 95.14846 
38 37 31 31 6.06475 
38 37 32 32 -17.99465 
38 37 33 33 22.72471 
38 37 34 34 -6.78854 
38 37 36 36 5.93195 
38 37 37 37 -39.69535 
38 38 1 1 96.49367 
38 38 2 1 34.05002 
38 38 2 2 164.28425 
38 38 3 3 -9.63411 
38 38 4 4 -47.7832 
38 38 6 6 -50.71859 
38 38 6 4 -15.81267 
38 38 6 3 20.58906 
38 38 7 7 -25.75626 
38 38 7 6 14.64006 
38 38 7 4 34.69663 
38 38 8 4 -15.50989 
38 38 8 8 -5.79717 
38 38 8 7 10.75784 
38 38 9 6 -8.16625 
38 38 10 10 -75.69154 
38 38 11 11 -122.99501 
38 38 11 10 30.92625 
38 38 12 10 -20.12691 
38 38 12 12 -6.24732 
38 38 13 11 -53.70155 
38 38 13 13 -24.4749 
38 38 14 14 -94.54968 
38 38 15 15 -123.39873 
38 38 15 14 -34.0566 
38 38 16 14 -40.75332 
38 38 16 15 -26.59933 
38 38 16 16 -18.52895 
38 38 17 17 121.17925 
38 38 18 17 46.87141 
38 38 18 18 140.21414 
38 38 19 19 -18.03607 
38 38 20 20 -43.02952 
38 38 21 21 -35.08221 
38 38 21 20 -26.45552 
38 38 21 19 -20.46269 
38 38 22 22 -27.48768 
38 38 22 21 -22.05541 
38 38 22 19 -21.16074 
38 38 23 22 -13.56849 
38 38 23 21 -11.93056 
38 38 23 19 -10.86881 
38 38 23 23 -7.21926 
38 38 24 24 -18.16875 
38 38 24 23 5.32894 
38 38 24 22 9.24765 
38 38 24 19 10.10553 
38 38 24 21 23.03479 
38 38 24 20 25.43922 
38 38 25 25 -77.2777 
38 38 26 26 -81.97495 
38 38 26 25 23.47503 
38 38 27 27 -35.3266 
38 38 27 25 -25.15978 
38 38 27 26 52.31027 
38 38 28 28 -12.70295 
38 38 28 27 -11.47858 
38 38 28 25 14.8424 
38 38 28 26 22.60834 
38 38 29 29 93.62741 
38 38 30 29 30.91073 
38 38 30 30 167.61422 
38 38 31 31 -23.43248 
38 38 32 32 -36.12142 
38 38 32 31 14.42177 
38 38 33 33 -20.82298 
38 38 33 31 19.7363 
38 38 34 34 -42.39087 
38 38 34 31 -9.72438 
38 38 34 32 37.06806 
38 38 35 32 -16.8025 
38 38 35 35 -15.77561 
38 38 35 33 -13.87377 
38 38 35 34 13.68024 
38 38 35 31 18.30783 
38 38 36 31 -6.59855 
38 38 36 34 6.2478 
38 38 36 33 8.73334 
38 38 37 37 113.70169 
38 38 38 37 44.78692 
38 38 38 38 148.14611 
39 39 1 1 -8.81543 
39 39 2 2 -18.80186 
39 39 3 3 6.35512 
39 39 5 3 -6.21798 
39 39 5 4 6.08574 
39 39 5 5 11.66643 
39 39 12 12 -7.62825 
39 39 13 13 -6.07727 
39 39 16 16 -11.02459 
39 39 16 14 5.26086 
39 39 17 17 -12.39363 
39 39 18 18 -15.29788 
39 39 18 17 -6.74836 
39 39 19 19 13.87426 
39 39 20 20 6.03454 
39 39 21 21 8.73568 
39 39 22 22 6.29228 
39 39 23 22 5.73605 
39 39 24 19 -7.61416 
39 39 27 26 -5.59344 
39 39 28 28 -7.04346 
39 39 29 29 -8.45751 
39 39 30 30 -19.27624 
39 39 32 32 18.07125 
39 39 33 31 5.02102 
39 39 33 33 9.49997 
39 39 34 32 5.09647 
39 39 34 34 11.27319 
39 39 35 31 -6.90406 
39 39 36 36 -5.7785 
39 39 37 37 -11.28102 
39 39 38 38 -16.42266 
39 39 38 37 -6.43773 
39 39 39 39 9.64839 
40 39 1 1 14.63806 
40 39 2 2 -5.89512 
40 39 3 3 -6.16197 
40 39 17 17 7.10116 
40 39 19 19 -8.11594 
40 39 21 21 5.21038 
40 39 29 29 15.55171 
40 39 30 30 -6.86539 
40 39 32 32 -6.86462 
40 39 37 37 9.46049 
40 40 1 1 -49.90416 
40 40 2 2 -13.61608 
40 40 2 1 18.81184 
40 40 4 4 5.19313 
40 40 6 3 -8.27617 
40 40 6 4 -7.14388 
40 40 6 6 16.5899 
40 40 8 6 -6.3986 
40 40 8 5 -5.24449 
40 40 10 10 6.17521 
40 40 15 14 -6.39732 
40 40 15 15 9.09971 
40 40 16 16 -5.6652 
40 40 17 17 -36.64785 
40 40 18 18 -27.12526 
40 40 18 17 25.8075 
40 40 19 19 8.53022 
40 40 20 20 13.13052 
40 40 22 20 -8.94215 
40 40 22 22 9.15557 
40 40 23 22 6.60808 
40 40 24 20 -5.25371 
40 40 25 25 5.83409 
40 40 29 29 -51.54511 
40 40 30 30 -11.98929 
40 40 30 29 17.07732 
40 40 31 31 6.90022 
40 40 32 32 7.83576 
40 40 33 32 -6.2374 
40 40 33 33 15.20747 
40 40 34 31 -7.97823 
40 40 34 34 8.43555 
40 40 35 31 -6.33496 
40 40 36 33 -6.99751 
40 40 36 31 5.08148 
40 40 36 32 5.48104 
40 40 37 37 -40.82922 
40 40 38 38 -22.91276 
40 40 38 37 24.67318 
40 40 39 39 7.74113 
40 40 40 40 13.15961 
41 39 2 2 29.84401 
41 39 4 4 -7.11137 
41 39 7 7 -6.34384 
41 39 11 11 -7.30938 
41 39 17 17 9.59994 
41 39 18 18 18.23055 
41 39 21 21 -5.29272 
41 39 24 24 -6.7109 
41 39 26 26 -6.18812 
41 39 30 30 31.33646 
41 39 32 32 -10.19021 
41 39 33 33 5.68221 
41 39 34 34 -5.94313 
41 39 37 37 5.96699 
41 39 38 38 21.85951 
41 40 1 1 25.68293 
41 40 2 2 20.02886 
41 40 4 4 -5.62219 
41 40 6 6 -10.08184 
41 40 10 10 -5.36354 
41 40 11 11 -5.54421 
41 40 14 14 -5.65945 
41 40 15 15 -7.79744 
41 40 17 17 23.68109 
41 40 18 18 22.32671 
41 40 20 20 -6.37966 
41 40 25 25 -5.15428 
41 40 26 26 -5.23043 
41 40 29 29 25.9822 
41 40 30 30 19.92216 
41 40 37 37 24.42916 
41 40 38 38 21.70411 
41 41 1 1 -21.03886 
41 41 2 2 -59.58029 
41 41 2 1 -19.47982 
41 41 4 4 17.53638 
41 41 6 3 -5.79166 
41 41 6 4 11.04482 
41 41 6 6 13.77913 
41 41 7 4 -14.66511 
41 41 7 6 -9.66907 
41 41 7 7 10.70191 
41 41 8 4 5.41955 
41 41 10 10 5.63426 
41 41 11 10 -6.69092 
41 41 11 11 15.5477 
41 41 13 11 7.09692 
41 41 14 14 9.4258 
41 41 15 14 8.29528 
41 41 15 15 13.18745 
41 41 16 14 5.19193 
41 41 17 17 -35.12668 
41 41 18 18 -45.66874 
41 41 18 17 -26.86383 
41 41 19 19 6.56225 
41 41 20 19 6.05891 
41 41 20 20 13.31793 
41 41 21 19 6.99671 
41 41 21 20 9.69964 
41 41 21 21 15.64563 
41 41 22 20 6.03511 
41 41 22 19 6.80022 
41 41 22 21 8.64496 
41 41 22 22 8.86069 
41 41 23 22 5.74672 
41 41 24 21 -12.58937 
41 41 24 20 -10.50756 
41 41 24 19 -7.05778 
41 41 24 22 -6.64693 
41 41 24 24 9.62717 
41 41 25 25 6.03296 
41 41 26 25 -5.20889 
41 41 26 26 8.10845 
41 41 27 26 -8.04595 
41 41 29 29 -19.27053 
41 41 30 30 -60.81434 
41 41 30 29 -17.46846 
41 41 31 31 7.69194 
41 41 32 31 -8.79119 
41 41 32 32 16.48765 
41 41 33 33 6.27745 
41 41 34 32 -14.73253 
41 41 34 31 5.05368 
41 41 34 34 15.89061 
41 41 35 34 -7.96234 
41 41 35 31 -7.3817 
41 41 35 35 5.57928 
41 41 35 32 8.77868 
41 41 37 37 -30.53235 
41 41 38 38 -49.61458 
41 41 38 37 -25.33791 
41 41 39 39 8.0799 
41 41 40 40 5.80241 
41 41 41 39 -9.77208 
41 41 41 40 -5.16496 
41 41 41 41 20.93035 
42 39 1 1 -18.68217 
42 39 2 2 -24.38214 
42 39 4 4 6.96299 
42 39 5 5 -5.31957 
42 39 6 6 10.26147 
42 39 11 11 6.65861 
42 39 14 14 5.46757 
42 39 15 15 7.44031 
42 39 16 16 5.61657 
42 39 17 17 -21.02821 
42 39 18 18 -22.31543 
42 39 19 19 -7.45516 
42 39 20 20 8.19418 
42 39 21 21 5.84691 
42 39 24 24 6.04178 
42 39 29 29 -18.44407 
42 39 30 30 -24.72666 
42 39 32 32 -5.53139 
42 39 34 34 6.47623 
42 39 37 37 -20.36967 
42 39 38 38 -22.98542 
42 40 1 1 43.15123 
42 40 6 6 -15.74136 
42 40 10 10 -6.93379 
42 40 15 15 -8.0246 
42 40 17 17 26.48248 
42 40 18 18 13.96247 
42 40 20 20 -9.46574 
42 40 22 22 -7.05 
42 40 25 25 -6.50351 
42 40 29 29 45.19599 
42 40 30 30 -5.25802 
42 40 31 31 -5.16231 
42 40 32 32 7.19457 
42 40 33 33 -9.20275 
42 40 37 37 31.79001 
42 40 38 38 8.57054 
42 40 40 40 -8.4412 
42 41 1 1 -14.07491 
42 41 2 2 36.22671 
42 41 4 4 -9.32582 
42 41 7 7 -7.70076 
42 41 11 11 -8.83983 
42 41 18 18 17.74805 
42 41 21 21 -10.12707 
42 41 24 24 -7.04965 
42 41 26 26 -5.24082 
42 41 29 29 -16.35636 
42 41 30 30 38.29415 
42 41 32 32 -6.85197 
42 41 34 34 -8.0803 
42 41 38 38 23.35177 
42 41 40 40 5.15056 
42 41 41 41 -12.14173 
42 41 41 39 8.37807 
42 42 1 1 -46.54261 
42 42 2 2 -35.89558 
42 42 2 1 6.12801 
42 42 3 3 7.08806 
42 42 4 4 10.63517 
42 42 5 3 -5.54392 
42 42 6 3 -9.28749 
42 42 6 6 29.95063 
42 42 7 4 -7.87197 
42 42 7 6 -5.24897 
42 42 7 7 7.04051 
42 42 8 4 5.41755 
42 42 9 6 5.35407 
42 42 10 10 7.79953 
42 42 11 11 11.45209 
42 42 13 11 6.10667 
42 42 14 14 7.12638 
42 42 15 15 16.32776 
42 42 17 17 -42.71297 
42 42 18 18 -40.17181 
42 42 18 17 8.20926 
42 42 19 19 12.72468 
42 42 20 20 14.25802 
42 42 21 21 8.93378 
42 42 22 20 -6.3344 
42 42 22 19 5.13704 
42 42 22 21 9.46007 
42 42 22 22 18.25765 
42 42 23 22 9.4275 
42 42 24 20 -8.66439 
42 42 24 21 -5.30341 
42 42 25 25 7.61566 
42 42 26 26 7.61173 
42 42 27 26 -5.10796 
42 42 29 29 -47.047 
42 42 30 30 -35.37918 
42 42 30 29 5.63661 
42 42 31 31 6.20346 
42 42 32 32 17.29354 
42 42 33 31 -8.28842 
42 42 33 33 10.76912 
42 42 34 32 -9.07584 
42 42 34 33 8.84686 
42 42 34 34 22.12398 
42 42 35 31 -6.71444 
42 42 36 33 -6.05511 
42 42 36 34 -5.4754 
42 42 37 37 -43.97009 
42 42 38 38 -39.06419 
42 42 38 37 7.99879 
42 42 39 39 8.22975 
42 42 40 39 -5.65794 
42 42 40 40 11.84713 
42 42 41 40 -5.64737 
42 42 41 41 12.40421 
42 42 42 40 -6.55804 
42 42 42 42 24.8816 
43 39 2 2 -9.25956 
43 39 18 18 -5.81303 
43 39 30 30 -9.77568 
43 39 33 33 -5.23818 
43 39 38 38 -6.96789 
43 40 1 1 -6.93277 
43 40 2 2 -5.89232 
43 40 17 17 -6.43035 
43 40 18 18 -6.2634 
43 40 29 29 -7.02774 
43 40 30 30 -5.93532 
43 40 37 37 -6.60781 
43 40 38 38 -6.17841 
43 41 1 1 5.5823 
43 41 2 2 18.17372 
43 41 4 4 -7.17581 
43 41 11 11 -5.86469 
43 41 15 15 -5.59699 
43 41 17 17 10.11902 
43 41 18 18 13.71109 
43 41 21 21 -5.74389 
43 41 30 30 18.59993 
43 41 32 32 -8.69436 
43 41 34 34 -7.2233 
43 41 37 37 8.61762 
43 41 38 38 15.02948 
43 41 39 39 -7.02551 
43 41 41 41 -9.22269 
43 42 2 2 -11.17245 
43 42 18 18 -5.97046 
43 42 30 30 -11.76883 
43 42 38 38 -7.52996 
43 43 2 2 -6.20747 
43 43 3 3 -6.61214 
43 43 30 30 -6.30468 
44 39 1 1 7.2735 
44 39 2 2 8.25922 
44 39 5 5 -6.169 
44 39 6 6 -5.16807 
44 39 17 17 7.75197 
44 39 18 18 8.03624 
44 39 29 29 7.25431 
44 39 30 30 8.33139 
44 39 31 31 -5.44919 
44 39 32 32 -5.81965 
44 39 33 33 -6.18016 
44 39 34 34 -5.41003 
44 39 37 37 7.71435 
44 39 38 38 8.18086 
44 39 39 39 -5.99775 
44 40 1 1 -18.00075 
44 40 6 6 7.80003 
44 40 15 15 5.21917 
44 40 17 17 -11.53291 
44 40 18 18 -6.64765 
44 40 29 29 -18.82753 
44 40 37 37 -13.6774 
44 41 1 1 6.59125 
44 41 2 2 -11.85648 
44 41 18 18 -5.09942 
44 41 29 29 7.42296 
44 41 30 30 -12.64211 
44 41 38 38 -7.20984 
44 41 41 39 -5.22167 
44 42 1 1 18.99669 
44 42 2 2 12.54637 
44 42 6 6 -12.62726 
44 42 11 11 -5.20475 
44 42 15 15 -8.1146 
44 42 17 17 16.71089 
44 42 18 18 15.09738 
44 42 20 20 -6.95473 
44 42 22 22 -6.52214 
44 42 29 29 19.30245 
44 42 30 30 12.24653 
44 42 33 33 -5.47049 
44 42 34 34 -7.85785 
44 42 37 37 17.52154 
44 42 38 38 14.34517 
44 42 40 40 -5.14749 
44 42 41 41 -5.1194 
44 42 42 42 -9.06585 
44 44 1 1 -8.01869 
44 44 5 5 -5.40181 
44 44 17 17 -6.71885 
44 44 18 18 -6.04221 
44 44 29 29 -8.17518 
44 44 37 37 -7.06755 
44 44 38 38 -5.65707 
45 45 1 1 -63.70494 
45 45 2 2 -107.01999 
45 45 2 1 -21.12225 
45 45 4 4 8.09738 
45 45 6 6 9.58428 
45 45 7 4 -8.38316 
45 45 7 7 5.60265 
45 45 10 10 59.99649 
45 45 11 10 -29.43621 
45 45 11 11 105.02495 
45 45 12 10 16.18793 
45 45 13 10 -6.75901 
45 45 13 13 23.06956 
45 45 13 11 49.71025 
45 45 14 14 77.70186 
45 45 15 14 33.80253 
45 45 15 15 106.63034 
45 45 16 16 17.37017 
45 45 16 15 27.0463 
45 45 16 14 36.32828 
45 45 17 17 -79.14603 
45 45 18 18 -91.6892 
45 45 18 17 -29.67104 
45 45 20 20 7.26295 
45 45 21 21 5.33554 
45 45 21 20 6.29088 
45 45 24 20 -7.54085 
45 45 24 21 -6.42762 
45 45 25 25 62.01865 
45 45 26 25 -23.64059 
45 45 26 26 68.55129 
45 45 27 26 -45.77397 
45 45 27 25 22.56095 
45 45 27 27 29.9581 
45 45 28 26 -18.84623 
45 45 28 25 -10.76615 
45 45 28 28 10.11169 
45 45 28 27 10.27055 
45 45 29 29 -61.87392 
45 45 30 30 -109.09697 
45 45 30 29 -19.12028 
45 45 32 32 8.78154 
45 45 34 32 -8.37523 
45 45 34 34 7.03762 
45 45 37 37 -74.32285 
45 45 38 38 -96.53848 
45 45 38 37 -28.23798 
45 45 41 40 -5.04093 
45 45 41 41 10.33661 
45 45 42 41 -5.66112 
45 45 42 39 5.06581 
45 45 42 42 6.24917 
45 45 45 45 81.28519 
46 45 1 1 67.90615 
46 45 2 2 -47.80551 
46 45 6 6 -6.84904 
46 45 10 10 -35.92889 
46 45 11 11 36.04978 
46 45 12 12 -6.1301 
46 45 15 15 -23.29737 
46 45 16 16 8.28243 
46 45 17 17 25.44414 
46 45 18 18 -5.33851 
46 45 25 25 -30.47887 
46 45 26 26 17.1116 
46 45 27 27 15.40703 
46 45 28 28 -14.45632 
46 45 29 29 72.99315 
46 45 30 30 -53.32238 
46 45 33 33 -6.80879 
46 45 37 37 38.65895 
46 45 38 38 -18.79015 
46 45 40 40 -5.63768 
46 45 41 41 5.13386 
46 45 45 45 19.79501 
46 46 1 1 -140.48297 
46 46 2 2 -63.1652 
46 46 2 1 39.67216 
46 46 4 4 6.03535 
46 46 6 3 -8.95437 
46 46 6 6 21.55624 
46 46 7 4 -5.84401 
46 46 8 6 -5.69752 
46 46 9 6 5.47537 
46 46 10 10 103.87163 
46 46 11 10 41.30603 
46 46 11 11 82.20802 
46 46 12 12 10.58384 
46 46 12 11 17.35695 
46 46 12 10 35.11177 
46 46 13 12 14.80524 
46 46 13 13 29.94736 
46 46 13 10 35.45603 
46 46 13 11 44.53967 
46 46 14 14 84.84152 
46 46 15 14 -58.37822 
46 46 15 15 145.77585 
46 46 16 15 -6.81063 
46 46 16 16 10.73035 
46 46 16 14 27.50859 
46 46 17 17 -112.4181 
46 46 18 18 -91.50257 
46 46 18 17 54.46235 
46 46 20 20 11.69971 
46 46 22 20 -8.50833 
46 46 22 19 5.97895 
46 46 22 22 9.59219 
46 46 23 22 6.40414 
46 46 24 20 -7.62114 
46 46 25 25 99.92002 
46 46 26 25 38.51161 
46 46 26 26 61.43678 
46 46 27 26 -32.51021 
46 46 27 25 -9.48381 
46 46 27 27 17.52996 
46 46 28 25 -47.81077 
46 46 28 26 -34.3374 
46 46 28 27 14.99564 
46 46 28 28 26.64263 
46 46 29 29 -143.98422 
46 46 30 30 -59.9541 
46 46 30 29 35.86522 
46 46 31 31 5.06644 
46 46 32 32 5.69655 
46 46 33 31 -9.62004 
46 46 33 33 9.58144 
46 46 34 32 -7.98052 
46 46 34 33 8.51308 
46 46 34 34 9.51359 
46 46 35 31 -5.19437 
46 46 35 33 6.31848 
46 46 36 33 -7.63958 
46 46 36 34 -5.05251 
46 46 36 31 5.61011 
46 46 37 37 -121.34172 
46 46 38 38 -82.74808 
46 46 38 37 51.8922 
46 46 40 40 8.2355 
46 46 41 40 -7.09319 
46 46 41 41 5.72742 
46 46 42 40 -9.20153 
46 46 42 39 5.10159 
46 46 42 42 12.74156 
46 46 44 42 -6.52165 
46 46 44 40 6.19994 
46 46 45 45 68.23075 
46 46 46 45 -51.56158 
46 46 46 46 133.24984 
47 45 1 1 -5.23886 
47 45 2 2 74.89964 
47 45 4 4 -7.61166 
47 45 7 7 -5.05513 
47 45 10 10 -10.10526 
47 45 11 11 -72.98815 
47 45 13 13 -8.68411 
47 45 14 14 -38.18807 
47 45 15 15 -39.42394 
47 45 16 16 -9.09381 
47 45 17 17 23.90403 
47 45 18 18 45.63537 
47 45 21 21 -6.06576 
47 45 25 25 -13.68432 
47 45 26 26 -42.98784 
47 45 27 27 -22.52226 
47 45 29 29 -8.77396 
47 45 30 30 78.60252 
47 45 32 32 -8.87897 
47 45 34 34 -6.01733 
47 45 37 37 14.80163 
47 45 38 38 54.81602 
47 45 39 39 -6.5515 
47 45 41 41 -9.47216 
47 45 45 45 -49.63499 
47 46 1 1 40.68065 
47 46 2 2 54.73131 
47 46 4 4 -6.24826 
47 46 6 6 -8.90846 
47 46 10 10 -37.66093 
47 46 11 11 -60.52087 
47 46 13 13 -11.91064 
47 46 14 14 -47.08478 
47 46 15 15 -65.74403 
47 46 16 16 -9.71737 
47 46 17 17 45.81438 
47 46 18 18 49.42122 
47 46 20 20 -6.69577 
47 46 21 21 -5.44735 
47 46 25 25 -38.14698 
47 46 26 26 -39.84008 
47 46 27 27 -15.27649 
47 46 28 28 -8.15629 
47 46 29 29 40.05896 
47 46 30 30 55.51583 
47 46 32 32 -5.72104 
47 46 33 33 -7.75764 
47 46 34 34 -7.97706 
47 46 37 37 44.22648 
47 46 38 38 51.12474 
47 46 39 39 -5.4568 
47 46 41 41 -7.98693 
47 46 42 42 -6.25555 
47 46 45 45 -46.51242 
47 46 46 46 -45.07721 
47 46 46 45 -5.76792 
47 47 1 1 -18.71371 
47 47 2 2 -62.70997 
47 47 2 1 -22.54682 
47 47 5 5 -9.6739 
47 47 10 10 24.49031 
47 47 11 10 -31.26626 
47 47 11 11 65.44325 
47 47 13 10 -10.63181 
47 47 13 12 -5.41726 
47 47 13 13 20.20513 
47 47 13 11 30.00817 
47 47 14 14 42.84192 
47 47 15 14 37.64333 
47 47 15 15 54.40376 
47 47 16 14 19.17977 
47 47 16 16 21.2305 
47 47 16 15 23.73755 
47 47 17 17 -34.67137 
47 47 18 18 -46.42193 
47 47 18 17 -30.81122 
47 47 21 20 6.71388 
47 47 22 21 5.56156 
47 47 23 21 5.02206 
47 47 25 25 26.61549 
47 47 26 25 -26.10365 
47 47 26 26 41.94171 
47 47 27 26 -26.65425 
47 47 27 25 18.56492 
47 47 27 27 22.7916 
47 47 28 26 -7.40532 
47 47 28 27 5.56179 
47 47 29 29 -16.76755 
47 47 30 30 -64.79608 
47 47 30 29 -20.49927 
47 47 33 33 -7.97596 
47 47 33 31 -7.0829 
47 47 34 32 -7.65211 
47 47 37 37 -29.75177 
47 47 38 38 -51.56236 
47 47 38 37 -29.50709 
47 47 39 39 -8.45763 
47 47 40 40 -5.18344 
47 47 41 39 -7.78628 
47 47 41 40 -5.7965 
47 47 45 45 48.69477 
47 47 46 45 25.63517 
47 47 46 46 27.32052 
47 47 47 45 -34.40251 
47 47 47 46 -24.22145 
47 47 47 47 52.42739 
48 45 1 1 -45.0104 
48 45 2 2 -9.78386 
48 45 6 6 6.40673 
48 45 10 10 33.80078 
48 45 11 11 16.89248 
48 45 13 13 6.59588 
48 45 14 14 22.81852 
48 45 15 15 40.85371 
48 45 17 17 -32.01207 
48 45 18 18 -22.84598 
48 45 19 19 5.94367 
48 45 25 25 31.95492 
48 45 26 26 16.09468 
48 45 28 28 6.15503 
48 45 29 29 -46.55733 
48 45 30 30 -8.28197 
48 45 32 32 5.36293 
48 45 37 37 -36.08769 
48 45 38 38 -18.84368 
48 45 45 45 16.00963 
48 46 1 1 75.4178 
48 46 2 2 12.41119 
48 46 6 6 -10.79314 
48 46 10 10 -56.30421 
48 46 11 11 -23.38201 
48 46 12 12 -7.45472 
48 46 13 13 -12.40902 
48 46 14 14 -35.07758 
48 46 15 15 -67.59329 
48 46 17 17 52.51864 
48 46 18 18 35.55662 
48 46 20 20 -6.78183 
48 46 22 22 -5.57831 
48 46 25 25 -53.00464 
48 46 26 26 -20.94256 
48 46 28 28 -19.22937 
48 46 29 29 78.16102 
48 46 30 30 9.57646 
48 46 33 33 -7.5176 
48 46 34 34 -5.17417 
48 46 37 37 59.73946 
48 46 38 38 28.34356 
48 46 40 40 -7.15885 
48 46 42 42 -6.05779 
48 46 45 45 -22.30848 
48 46 46 46 -69.8163 
48 46 46 45 41.74796 
48 47 1 1 -17.97894 
48 47 3 3 5.26985 
48 47 10 10 13.31129 
48 47 11 11 5.36619 
48 47 13 13 5.1985 
48 47 14 14 8.76748 
48 47 15 15 15.34009 
48 47 16 16 -5.30554 
48 47 17 17 -12.04442 
48 47 18 18 -7.88406 
48 47 19 19 7.55447 
48 47 25 25 12.52988 
48 47 26 26 5.22132 
48 47 29 29 -18.69355 
48 47 32 32 8.34468 
48 47 37 37 -13.89643 
48 47 38 38 -6.02216 
48 47 42 42 5.64164 
48 47 45 45 5.50727 
48 47 46 46 17.44717 
48 48 1 1 -42.7303 
48 48 2 2 -7.22331 
48 48 2 1 17.8129 
48 48 3 3 -10.53879 
48 48 4 4 -5.58065 
48 48 4 3 5.62868 
48 48 5 5 -9.71051 
48 48 5 4 -5.4286 
48 48 5 3 8.517 
48 48 10 10 33.83521 
48 48 11 11 16.69671 
48 48 11 10 22.27989 
48 48 12 10 7.19933 
48 48 12 11 9.59262 
48 48 12 12 17.1892 
48 48 13 11 11.20554 
48 48 13 10 13.39398 
48 48 13 13 13.63054 
48 48 14 14 21.6247 
48 48 15 14 -28.11917 
48 48 15 15 43.78747 
48 48 16 15 -8.88301 
48 48 16 16 22.15776 
48 48 17 17 -30.06424 
48 48 18 18 -20.10641 
48 48 18 17 24.7516 
48 48 19 19 -20.11488 
48 48 22 19 9.87188 
48 48 25 25 32.12407 
48 48 26 26 14.0642 
48 48 26 25 19.4869 
48 48 27 25 -10.06011 
48 48 28 26 -14.35565 
48 48 28 25 -12.6114 
48 48 28 28 24.97855 
48 48 29 29 -44.2329 
48 48 30 30 -5.72238 
48 48 30 29 16.13934 
48 48 32 32 -20.0514 
48 48 34 32 -10.53641 
48 48 34 34 -6.38312 
48 48 35 34 5.15055 
48 48 35 32 6.08675 
48 48 37 37 -34.07391 
48 48 38 38 -16.17267 
48 48 38 37 23.59007 
48 48 39 39 -16.6594 
48 48 41 41 -5.19962 
48 48 42 40 -8.03913 
48 48 42 42 -6.81574 
48 48 42 39 9.85049 
48 48 45 45 14.93314 
48 48 46 45 -22.91629 
48 48 46 46 43.62925 
48 48 47 46 -11.11791 
48 48 47 45 7.75001 
48 48 47 47 11.07739 
48 48 48 46 -26.96068 
48 48 48 45 8.42101 
48 48 48 48 59.31728 
