1     1     1     -987.06944
2     1     1     -135.79925
2     2     1     -917.60190
2     2     2     406.18236
3     1     1     37.11984
3     2     1     19.16105
3     2     2     27.21931
3     3     1     -44.52191
3     3     2     -19.73074
3     3     3     -1307.18655
4     1     1     -43.39173
4     2     2     -34.44365
4     3     3     -8.51394
4     4     1     93.06339
4     4     2     11.01309
4     4     3     -6.13739
4     4     4     -293.03814
5     2     1     8.38294
5     3     3     13.28421
5     4     1     24.39879
5     4     2     58.57838
5     4     3     -10.36495
5     4     4     -8.05577
5     5     1     61.67072
5     5     3     136.26780
5     5     4     -7.59929
5     5     5     30.14045
6     1     1     -5.76836
6     2     1     7.97772
6     2     2     -13.01664
6     4     1     9.66525
6     4     2     81.79456
6     4     4     45.43562
6     5     1     70.46776
6     5     2     -20.51676
6     5     3     -87.85433
6     5     4     33.20085
6     5     5     -24.33573
6     6     1     109.68356
6     6     2     -54.55222
6     6     3     49.66308
6     6     4     10.90071
6     6     5     -16.39012
6     6     6     -44.08824
7     1     1     -20.30291
7     2     2     -21.13066
7     3     3     -11.53699
7     4     1     -93.32464
7     4     2     -11.49115
7     4     3     5.33081
7     4     4     -110.38039
7     5     1     -27.02427
7     5     2     -103.53719
7     5     5     -15.99602
7     6     1     -7.12864
7     6     2     -151.25781
7     6     3     6.06178
7     6     4     24.24356
7     6     5     -23.08612
7     6     6     -38.95359
7     7     1     216.24422
7     7     2     -15.51768
7     7     3     -6.27164
7     7     4     -25.91759
7     7     7     -24.18492
8     1     1     -29.00675
8     2     2     -29.22214
8     4     1     8.80127
8     4     2     -28.71061
8     4     4     -30.24202
8     5     1     -32.32246
8     5     2     23.81743
8     5     3     -6.29544
8     5     4     12.64319
8     5     5     -17.14198
8     6     1     -49.92091
8     6     2     46.65875
8     6     4     33.58931
8     6     5     -50.18022
8     6     6     -67.76479
8     7     1     -38.44525
8     7     2     84.92689
8     7     4     11.79717
8     7     6     -16.17784
8     7     7     -16.81816
8     8     1     54.45830
8     8     2     -64.13190
8     8     4     55.30814
8     8     5     -47.27432
8     8     6     -101.32785
8     8     7     -35.14834
8     8     8     -203.45099
9     1     1     -12.63606
9     2     2     -9.89710
9     3     3     8.99419
9     4     1     34.99250
9     4     2     49.71470
9     4     4     -5.59400
9     5     1     63.98491
9     5     2     8.87617
9     5     3     -21.38198
9     5     4     -26.80744
9     6     1     89.05493
9     6     3     7.67693
9     6     4     -34.78208
9     6     5     -6.92659
9     6     6     21.06936
9     7     1     -54.33040
9     7     2     -125.33044
9     7     4     11.44251
9     7     5     18.12081
9     7     6     15.23159
9     7     7     -15.14323
9     8     1     -36.11087
9     8     2     35.56430
9     8     4     -16.82193
9     8     5     36.18372
9     8     6     43.46034
9     8     7     -15.96547
9     8     8     32.47596
9     9     1     100.72764
9     9     2     34.79651
9     9     4     49.20387
9     9     5     38.07810
9     9     6     15.62934
9     9     7     -13.74837
9     9     8     -70.96848
9     9     9     -116.52079
10     2     1     -7.57704
10     2     2     5.77212
10     3     3     9.06779
10     4     1     42.86162
10     4     4     -9.62442
10     5     1     -5.92865
10     5     2     50.15273
10     5     3     -17.67132
10     5     4     7.98974
10     5     5     12.36773
10     6     1     -21.20822
10     6     2     73.61259
10     6     3     12.63585
10     6     4     8.78879
10     6     5     10.12662
10     6     6     11.38001
10     7     1     -88.83729
10     7     2     38.15721
10     7     4     -11.71730
10     7     5     -6.12638
10     7     6     -7.41999
10     8     1     27.25474
10     8     2     -46.20027
10     8     5     9.20706
10     8     6     18.05066
10     8     7     5.88863
10     8     8     26.71365
10     9     1     11.10180
10     9     2     54.41157
10     9     3     -5.64214
10     9     4     -7.41766
10     9     5     -5.68115
10     9     7     -27.40406
10     9     9     22.38165
10     10     1     37.06984
10     10     2     -27.13682
10     10     4     5.37284
10     10     5     10.61214
10     10     7     -11.72905
10     10     8     -25.53151
10     10     9     -19.60881
11     11     1     32.01326
11     11     2     19.82944
11     11     3     294.08129
11     11     4     5.11009
11     11     5     -19.52048
11     11     6     39.59665
11     11     7     -16.30576
11     11     9     -19.02393
11     11     10     -25.99055
12     11     1     20.66737
12     11     2     52.36141
12     11     3     -44.14114
12     11     4     -5.49403
12     11     10     9.98209
12     12     1     348.04260
12     12     2     -308.45707
12     12     4     -9.70313
12     12     6     12.47987
12     12     8     -15.83649
12     12     9     12.74846
12     12     10     -15.11416
13     11     1     -107.44929
13     11     2     -65.39650
13     11     3     95.86874
13     11     4     10.64925
13     11     6     6.97834
13     11     7     -14.73136
13     11     10     -10.50599
13     12     1     -85.73407
13     12     2     -310.70123
13     12     3     -6.86000
13     12     4     29.55781
13     12     5     5.70586
13     12     7     13.83951
13     12     8     -22.65776
13     12     9     14.49197
13     12     10     -11.62636
13     13     1     570.01369
13     13     2     323.04336
13     13     3     7.04108
13     13     4     -32.99546
13     13     5     -9.97110
13     13     6     12.46268
13     13     7     36.38663
13     13     8     17.02790
13     13     9     -12.65500
13     13     10     -22.58036
14     11     1     -19.79962
14     11     3     165.92664
14     11     4     -7.80630
14     11     5     -17.14095
14     11     6     18.46595
14     11     7     -5.49487
14     11     10     -11.07055
14     12     1     130.08837
14     12     2     -248.05389
14     12     3     -23.23759
14     12     4     -5.39392
14     12     6     -10.78988
14     12     8     -9.62577
14     13     1     171.30624
14     13     2     -22.86448
14     13     3     43.94497
14     13     6     15.73665
14     13     8     -5.43760
14     14     1     100.38606
14     14     2     -109.14243
14     14     3     84.86078
14     14     4     71.61945
14     14     5     6.33535
14     14     6     25.00397
14     14     7     17.18464
14     14     8     28.71377
14     14     9     -8.48011
14     14     10     11.11817
15     15     1     -46.00585
15     15     2     -20.35211
15     15     3     -1372.48445
15     15     4     9.62577
15     15     5     -111.17538
15     15     6     84.02410
15     15     7     -14.42602
15     15     9     14.79428
15     15     10     12.59956
16     15     3     -14.59650
16     15     5     -12.60192
16     15     6     6.22722
16     15     9     5.17749
16     16     1     391.94891
16     16     2     -62.80124
16     16     3     -15.13406
16     16     4     -21.09837
16     16     5     -5.65169
16     16     6     9.61151
16     16     7     -14.86635
16     16     8     6.04324
16     16     9     5.14997
17     15     3     67.24147
17     15     4     -11.26047
17     15     5     210.43799
17     15     6     -132.25386
17     15     7     -5.08102
17     15     8     -9.45426
17     15     9     -29.83969
17     15     10     -24.50188
17     16     1     13.09068
17     16     2     -232.56462
17     16     5     8.98899
17     16     8     -7.45926
17     16     10     -13.09910
17     17     1     132.04076
17     17     2     -64.55393
17     17     3     181.60921
17     17     4     -25.60017
17     17     5     -38.39202
17     17     6     36.20275
17     17     7     14.80051
17     17     8     14.04370
17     17     9     5.03168
17     17     10     6.02689
18     15     3     -27.98215
18     15     4     14.11019
18     15     5     -145.28828
18     15     6     94.34521
18     15     9     12.87780
18     15     10     14.09918
18     16     1     -109.69028
18     16     2     -425.97268
18     16     3     14.44386
18     16     4     12.58093
18     16     5     -5.97217
18     16     6     -10.69605
18     16     10     -9.45438
18     17     1     231.19280
18     17     2     -57.05270
18     17     3     -146.45941
18     17     5     11.92277
18     17     6     -13.74106
18     17     7     13.65779
18     17     8     -5.06035
18     17     9     -11.88752
18     17     10     -9.37322
18     18     1     494.58438
18     18     2     38.28762
18     18     3     88.42389
18     18     4     30.83951
18     18     5     -13.56495
18     18     6     -5.00397
18     18     8     10.14410
18     18     10     8.70887
19     15     3     56.55223
19     15     4     -44.67014
19     15     5     400.69462
19     15     6     -264.52843
19     15     9     -23.79515
19     15     10     -31.14480
19     16     1     -99.97221
19     16     2     47.21384
19     16     3     -19.69725
19     16     4     11.90944
19     16     6     -9.95260
19     16     9     -5.97722
19     17     2     69.79205
19     17     3     402.82016
19     17     4     -29.82631
19     17     5     -16.77180
19     17     6     20.39557
19     17     8     14.87562
19     17     9     10.33948
19     17     10     14.31389
19     18     1     -26.25411
19     18     2     98.32970
19     18     3     -291.06130
19     18     4     38.17566
19     18     5     -7.57680
19     18     6     -29.25304
19     18     7     -12.23797
19     18     8     -10.95521
19     18     9     -8.62162
19     18     10     -21.84464
19     19     1     48.81810
19     19     2     -7.15893
19     19     3     822.54230
19     19     4     10.65051
19     19     5     5.78476
19     19     6     -14.62866
19     19     7     49.33767
19     19     8     27.58340
19     19     9     32.92709
19     19     10     43.01642
20     16     11     68.85684
20     16     12     298.67134
20     16     13     -325.50595
20     16     14     20.02825
20     17     11     -44.24546
20     17     12     33.10176
20     17     13     224.82112
20     17     14     89.36499
20     18     11     -101.91165
20     18     12     -41.11962
20     18     13     539.55882
20     18     14     181.38881
20     19     11     -16.78533
20     19     12     -78.56157
20     19     13     39.69357
20     19     14     -6.67480
20     20     1     -1043.51122
20     20     2     -495.88863
20     20     3     46.56302
20     20     4     -42.94860
20     20     5     5.79247
20     20     7     -18.88083
20     20     8     -26.97720
20     20     9     -14.38873
21     16     11     56.90925
21     16     12     -260.51027
21     16     13     -319.66781
21     16     14     -229.80620
21     17     12     -255.07168
21     17     13     -16.39941
21     17     14     -112.79928
21     18     11     -22.55540
21     18     12     -399.70662
21     18     13     78.43915
21     18     14     -143.35578
21     19     11     -12.27757
21     19     12     99.10527
21     19     13     75.86352
21     19     14     66.90953
21     20     1     -106.87413
21     20     2     -722.62398
21     20     3     15.65161
21     20     5     5.78187
21     20     10     -5.90385
21     21     1     -868.61504
21     21     2     773.31218
21     21     3     19.88531
21     21     4     -38.19050
21     21     6     -12.96343
21     21     7     -20.89696
21     21     8     -25.32927
21     21     9     -9.63676
21     21     10     8.58755
22     15     11     -17.52844
22     15     13     -8.00872
22     15     14     -13.96629
22     16     11     -7.76347
22     16     12     20.97399
22     16     14     17.81291
22     17     12     10.10362
22     17     13     7.48860
22     17     14     -19.46404
22     18     13     -14.22892
22     18     14     -10.97799
22     19     11     -20.88537
22     19     12     -23.26960
22     19     13     -22.32982
22     19     14     47.52667
22     20     1     53.54714
22     20     2     11.83465
22     20     4     -84.16565
22     20     5     -19.91732
22     20     7     82.93052
22     20     8     -13.48176
22     20     9     -23.93251
22     20     10     -41.51415
22     21     1     -9.09455
22     21     2     41.99268
22     21     4     25.29837
22     21     5     -57.81089
22     21     6     -93.39130
22     21     7     -42.46544
22     21     8     42.96719
22     21     9     -45.52523
22     21     10     30.73691
22     22     1     83.01659
22     22     2     -21.45378
22     22     4     -268.51027
22     22     5     -6.32434
22     22     6     51.62588
22     22     7     -93.16826
22     22     8     -35.68795
22     22     10     -14.93456
23     15     11     57.45253
23     15     12     -6.28641
23     15     13     13.37445
23     15     14     25.51758
23     16     14     9.75452
23     17     11     21.74767
23     17     12     -11.15440
23     17     13     5.83535
23     18     11     -7.91312
23     18     12     9.66582
23     18     14     -12.28906
23     19     11     19.83078
23     19     12     5.34020
23     19     13     20.23172
23     19     14     20.06407
23     20     4     -58.72790
23     20     5     -96.31094
23     20     6     -122.40612
23     20     7     66.77675
23     20     8     57.08241
23     20     9     -120.70201
23     21     2     -6.01569
23     21     4     -90.86525
23     21     5     29.94766
23     21     6     76.86031
23     21     7     187.11470
23     21     8     -80.74341
23     21     9     24.98155
23     21     10     -98.23681
23     22     2     110.01787
23     22     3     -7.63914
23     22     4     -24.41226
23     22     5     7.64506
23     22     6     18.45628
23     22     7     -18.15148
23     22     8     12.42941
23     22     9     -35.12005
23     22     10     12.38367
23     23     1     185.49653
23     23     2     -43.94753
23     23     3     8.74879
23     23     4     17.54603
23     23     5     23.47207
23     23     7     -39.16572
23     23     8     -33.60974
23     23     9     -43.04075
24     15     11     -267.68685
24     15     12     36.87774
24     15     13     -78.62833
24     15     14     -141.25943
24     16     11     5.56072
24     16     13     -7.10034
24     17     11     -13.63318
24     17     13     7.01733
24     17     14     -10.39023
24     18     14     9.96789
24     19     11     -45.45876
24     19     12     14.79757
24     19     13     -22.51137
24     19     14     -35.71433
24     20     1     6.89014
24     20     4     -22.07504
24     20     5     -36.19074
24     20     6     -52.92747
24     20     7     46.30649
24     20     8     15.90924
24     20     9     -58.53165
24     20     10     -14.44972
24     21     4     -27.00650
24     21     5     6.31235
24     21     6     14.90748
24     21     7     63.37846
24     21     8     -19.21627
24     21     9     -8.31104
24     21     10     -29.46591
24     22     1     5.53557
24     22     2     30.56403
24     22     3     21.95925
24     22     4     15.57995
24     22     5     -6.49306
24     22     6     -13.93782
24     22     7     12.69686
24     22     8     12.37228
24     22     9     6.34528
24     23     1     68.86291
24     23     3     -60.58714
24     23     4     -11.72182
24     23     5     -40.43802
24     23     7     15.37567
24     23     8     9.63376
24     23     9     52.39556
24     23     10     5.50996
24     24     1     39.78027
24     24     2     14.61502
24     24     3     263.53467
24     24     4     -8.41945
24     24     5     71.81754
24     24     6     -15.14501
24     24     8     -23.90437
24     24     9     -90.24215
24     24     10     -9.40113
25     15     11     52.56537
25     15     12     -7.61343
25     15     13     14.80656
25     15     14     28.42705
25     16     11     -9.89646
25     16     12     -8.80081
25     16     13     12.94065
25     17     12     7.50429
25     17     13     24.40951
25     18     12     7.46012
25     18     13     15.67687
25     18     14     -22.39151
25     19     11     8.28062
25     19     14     -12.28925
25     20     1     -5.59084
25     20     4     -98.60190
25     20     5     -53.59845
25     20     6     -45.19648
25     20     7     216.51598
25     20     8     -18.89624
25     20     9     -94.37847
25     20     10     -78.95356
25     21     2     -5.43401
25     21     5     -94.37612
25     21     6     -141.14561
25     21     7     -51.80966
25     21     8     89.94822
25     21     9     -113.06893
25     21     10     51.62475
25     22     1     90.16081
25     22     2     -13.51238
25     22     3     -6.69989
25     22     4     101.70511
25     22     5     6.70907
25     22     6     -16.96720
25     22     7     33.99195
25     22     8     -9.53897
25     22     10     12.65678
25     23     1     33.53527
25     23     2     198.70296
25     23     3     8.49975
25     23     4     15.29772
25     23     5     23.45927
25     23     6     18.29433
25     23     8     6.25168
25     23     9     -6.57825
25     23     10     19.38937
25     24     1     36.81879
25     24     2     73.71518
25     24     3     -54.11874
25     24     4     -16.00643
25     24     5     -13.86381
25     24     6     6.18500
25     24     8     7.19426
25     24     9     -11.12457
25     24     10     15.17880
25     25     1     228.17118
25     25     2     6.38977
25     25     4     -27.85885
25     25     5     9.29235
25     25     6     14.77190
25     25     7     -23.05987
25     25     8     -11.29067
25     25     9     9.80470
25     25     10     12.08907
26     15     11     164.10784
26     15     12     -23.14410
26     15     13     54.13946
26     15     14     97.06339
26     16     11     8.96832
26     16     13     -21.53564
26     17     11     -31.07144
26     17     12     -7.29423
26     17     13     5.68589
26     17     14     8.88034
26     18     11     21.52520
26     18     12     -11.51515
26     18     14     6.58089
26     19     11     -13.50337
26     19     14     24.74584
26     20     1     7.35369
26     20     4     -10.07567
26     20     5     -28.55182
26     20     6     -43.17960
26     20     8     18.74543
26     20     9     -44.69483
26     21     2     8.85493
26     21     4     -23.30645
26     21     5     20.26648
26     21     6     38.32608
26     21     7     74.52915
26     21     8     -39.64765
26     21     9     13.83572
26     21     10     -41.31958
26     22     1     -6.76717
26     22     2     32.34459
26     22     3     -10.67542
26     22     4     -65.71211
26     22     5     -13.87681
26     22     6     -11.30958
26     22     7     -6.46386
26     22     8     5.64651
26     22     9     33.03842
26     22     10     -7.88052
26     23     1     67.57391
26     23     2     -34.37446
26     23     3     26.04407
26     23     4     -42.81152
26     23     5     -25.29714
26     23     6     -27.11297
26     23     7     16.55400
26     23     8     29.60488
26     23     9     71.54847
26     24     1     18.03693
26     24     2     -6.49467
26     24     3     -151.17300
26     24     4     26.13595
26     24     5     9.70063
26     24     6     7.81157
26     24     8     -39.96242
26     24     9     -85.64625
26     24     10     12.34086
26     25     2     77.19199
26     25     3     29.06205
26     25     4     9.36544
26     25     7     12.49512
26     25     8     6.19424
26     25     9     -13.08727
26     25     10     9.70164
26     26     1     31.77306
26     26     2     -16.58184
26     26     3     107.32232
26     26     4     32.62886
26     26     5     40.03081
26     26     6     17.87990
26     26     7     -17.81467
26     26     8     -42.83688
26     26     9     -103.89647
26     26     10     -26.00682
27     15     11     -87.62741
27     15     12     12.81396
27     15     13     -23.86013
27     15     14     -41.97817
27     16     12     8.16945
27     16     13     25.41667
27     17     12     18.91564
27     17     13     -14.32162
27     17     14     -8.16496
27     18     11     8.29348
27     18     12     14.93774
27     18     14     -20.76598
27     19     13     11.09333
27     19     14     10.55381
27     20     2     10.73816
27     20     4     48.90878
27     20     5     41.47379
27     20     6     44.41665
27     20     7     -92.28526
27     20     9     48.40531
27     20     10     33.63105
27     21     1     10.83313
27     21     2     -6.32845
27     21     4     5.59035
27     21     5     29.48872
27     21     6     43.34699
27     21     7     -13.54125
27     21     8     -29.12129
27     21     9     42.71145
27     21     10     -6.14872
27     22     1     -41.67147
27     22     3     10.17055
27     22     4     5.36931
27     22     5     13.02394
27     22     6     16.85117
27     22     7     15.86298
27     22     8     10.63595
27     22     9     -7.55960
27     23     1     -47.12514
27     23     2     -70.03476
27     23     3     -13.14538
27     23     5     -19.15570
27     23     6     -14.96547
27     23     7     -16.41071
27     23     8     24.14052
27     23     9     20.65640
27     23     10     6.86464
27     24     1     -21.73953
27     24     2     -28.92856
27     24     3     79.67568
27     24     5     24.63038
27     24     7     -16.47695
27     24     9     -20.37301
27     24     10     -6.59814
27     25     1     -94.72642
27     25     2     -37.46706
27     25     3     -12.14538
27     25     6     11.74795
27     25     8     -27.49218
27     25     9     19.66964
27     26     1     -8.02120
27     26     2     -21.40221
27     26     3     -48.90938
27     26     4     11.92882
27     26     5     8.57354
27     26     6     15.83972
27     26     7     -20.48774
27     26     8     -9.63163
27     26     9     -48.08057
27     26     10     -7.61557
27     27     1     34.64547
27     27     2     26.91358
27     27     3     21.45000
27     27     4     8.64147
27     27     5     7.50941
27     27     6     -9.19259
27     27     7     -14.22667
27     27     8     -22.32660
27     27     9     -23.88222
