   1   1   1  -806.55425
  29  29   1  -823.37784
  17  17   1  -677.45304
  37  17  29  -691.86117
  37  37   1  -719.50324
   2   1   1  185.1687
   2  29  29  225.43806
   2  17  17  -142.84604
   2  37  37  -40.51823
   2   2   1  -456.25042
   2   2   2  -696.48461
  30  29   1  167.8187
  30  37  17  -122.93199
  30   2  29  -414.24876
  30  30   1  -440.53755
  30  30   2  -739.16123
  18  17   1  254.27427
  18  37  29  329.92218
  18   2  17  -626.62316
  18  30  37  -579.94414
  18  18   1  -592.01628
  18  18   2  -366.46917
  38  17  29  225.69708
  38  37   1  243.26784
  38   2  37  -600.05183
  38  30  17  -627.52659
  38  18  29  -549.29161
  38  18  30  -445.00217
  38  38   1  -550.57224
  38  38   2  -470.59389
  39  17  29  -7.42929
  39  37   1  -7.65982
  39   2  37  -0.47695
  39  30  17  -1.13197
  39  18  29  2.52486
  39  18  30  -2.91701
  39  38   1  1.72338
  39  38   2  -3.10969
  39  39   1  35.35853
  39  39   2  45.33281
  19  17   1  -14.97332
  19  37  29  -15.01498
  19   2  17  -5.72448
  19  30  37  -5.87211
  19  18   1  2.55766
  19  18   2  -12.69549
  19  38  29  1.56853
  19  38  30  -13.89212
  19  39  29  40.66618
  19  39  30  40.95186
  19  19   1  53.99537
  19  19   2  28.8043
   3   1   1  6.00134
   3  29  29  6.24534
   3  17  17  6.26271
   3  37  37  7.26361
   3   2   1  -1.42234
   3   2   2  -0.64594
   3  30  29  -0.9293
   3  30  30  -0.55423
   3  18  17  -4.69923
   3  18  18  1.72405
   3  38  37  -3.90243
   3  38  38  1.35733
   3  39  37  -39.56176
   3  39  38  -1.96314
   3  39  39  107.82941
   3  19  17  -51.79903
   3  19  18  13.72568
   3  19  19  123.22623
   3   3   1  47.7007
   3   3   2  -16.10393
   3   3   3  -34.44048
  31  29   1  -8.31024
  31  37  17  -2.73478
  31   2  29  6.28406
  31  30   1  6.14911
  31  30   2  3.27466
  31  18  37  7.41561
  31  38  17  7.07331
  31  38  18  -0.33365
  31  39  17  -1.20642
  31  39  18  54.5451
  31  19  37  -23.19837
  31  19  38  62.79804
  31  19  39  57.60063
  31   3  29  45.97849
  31   3  30  -39.63823
  31  31   1  71.73173
  31  31   2  1.11213
  31  31   3  -44.89493
   4   1   1  -16.87363
   4  29  29  -17.69166
   4  17  17  -9.95728
   4  37  37  -12.35394
   4   2   1  8.76645
   4   2   2  1.55171
   4  30  29  7.56035
   4  30  30  1.10979
   4  18  17  12.20869
   4  18  18  -4.91305
   4  38  37  10.9907
   4  38  38  -3.95987
   4  39  37  23.86934
   4  39  38  74.76053
   4  39  39  -1.07909
   4  19  17  15.90527
   4  19  18  76.86176
   4  19  19  -38.82947
   4   3   1  21.59988
   4   3   2  -45.41523
   4   3   3  -63.17286
   4  31  29  62.64673
   4  31  30  38.15059
   4  31  31  -20.47863
   4   4   1  71.74864
   4   4   2  84.0814
   4   4   4  -15.76687
  40  17  29  -14.46978
  40  37   1  -14.84422
  40   2  37  -9.21126
  40  30  17  -11.61707
  40  18  29  0.41755
  40  18  30  -19.73464
  40  38   1  -1.67491
  40  38   2  -20.54912
  40  39   1  27.29239
  40  39   2  -32.38829
  40  19  29  50.45886
  40  19  30  -37.29028
  40   3  37  -50.76577
  40   3  38  45.96667
  40   3  39  21.95821
  40  31  17  -72.48898
  40  31  18  39.57856
  40  31  19  -1.01104
  40   4  37  -64.03365
  40   4  38  10.36428
  40   4  39  -42.44424
  40  40   1  93.0091
  40  40   2  -29.50775
  40  40   3  42.76901
  40  40   4  7.15583
  20  17   1  -8.48476
  20  37  29  -8.31866
  20   2  17  -4.94627
  20  30  37  -4.17707
  20  18   1  0.96616
  20  18   2  -11.47151
  20  38  29  1.02314
  20  38  30  -11.11662
  20  39  29  16.30418
  20  39  30  -65.05844
  20  19   1  35.83143
  20  19   2  -69.87234
  20   3  17  -31.02749
  20   3  18  60.97031
  20   3  19  -8.1785
  20  31  37  -88.23498
  20  31  38  9.51055
  20  31  39  -42.47319
  20   4  17  -95.00644
  20   4  18  -23.86224
  20   4  19  -12.0126
  20  40  29  99.69936
  20  40  30  -13.87053
  20  40  31  24.62771
  20  20   1  114.29208
  20  20   2  14.2204
  20  20   3  -2.19133
  20  20   4  9.36264
   5   1   1  -3.13091
   5  29  29  -2.62661
   5  17  17  -7.25902
   5  37  37  -6.37404
   5   2   1  -4.66438
   5   2   2  -7.89669
   5  30  29  -4.40861
   5  30  30  -8.43896
   5  18  17  -4.49817
   5  18  18  -5.654
   5  38  37  -4.59251
   5  38  38  -6.49931
   5  39  37  22.57069
   5  39  38  1.40721
   5  39  39  5.9585
   5  19  17  28.99612
   5  19  18  -6.91351
   5  19  19  -83.17501
   5   3   1  -31.53407
   5   3   2  1.8798
   5   3   3  -94.12335
   5  31  29  -28.7564
   5  31  30  16.95977
   5  31  31  75.86042
   5   4   1  -14.94291
   5   4   2  20.21289
   5   4   3  59.09553
   5   4   4  19.30861
   5  40  37  29.77392
   5  40  38  -22.78241
   5  40  39  -94.62241
   5  40  40  15.55803
   5  20  17  23.57621
   5  20  18  -27.52313
   5  20  19  -22.0408
   5  20  20  22.71604
   5   5   1  15.56687
   5   5   2  -3.49274
   5   5   3  -55.40894
   5   5   4  7.48934
   5   5   5  -99.91205
  32  29   1  -14.29454
  32  37  17  -15.33589
  32   2  29  0.24273
  32  30   1  -0.88178
  32  30   2  -10.03001
  32  18  37  2.97003
  32  38  17  0.68297
  32  38  18  -11.09064
  32  39  17  66.733
  32  39  18  41.89301
  32  19  37  71.96872
  32  19  38  35.88058
  32  19  39  -104.96882
  32   3  29  -49.72773
  32   3  30  -16.37252
  32  31   1  -20.1154
  32  31   2  71.93215
  32  31   3  25.91512
  32   4  29  8.93905
  32   4  30  112.86002
  32   4  31  52.33817
  32  40  17  24.31205
  32  40  18  -56.22159
  32  40  19  -86.73612
  32  20  37  -4.82811
  32  20  38  -95.05168
  32  20  39  -25.31243
  32  20  40  21.3905
  32   5  29  27.20421
  32   5  30  5.23101
  32   5  31  30.92058
  32  32   1  71.78074
  32  32   2  84.15115
  32  32   3  102.79572
  32  32   4  -65.39415
  32  32   5  -90.64835
  21  17   1  -2.2372
  21  37  29  -3.26363
  21   2  17  6.16744
  21  30  37  5.45108
  21  18   1  6.13597
  21  18   2  1.95259
  21  38  29  5.63382
  21  38  30  2.48887
  21  39  29  18.81548
  21  39  30  46.03974
  21  19   1  19.86563
  21  19   2  40.79652
  21   3  17  -10.77682
  21   3  18  -12.13759
  21   3  19  -20.73227
  21  31  37  27.11125
  21  31  38  40.66577
  21  31  39  -55.75008
  21   4  17  53.64505
  21   4  18  65.45918
  21   4  19  -15.36411
  21  40  29  -5.84782
  21  40  30  -25.10602
  21  40  31  21.42564
  21  20   1  -23.8438
  21  20   2  -63.36025
  21  20   3  -6.86648
  21  20   4  12.30591
  21   5  17  4.0199
  21   5  18  3.27803
  21   5  19  -3.18619
  21   5  20  24.84276
  21  32  37  47.28115
  21  32  38  66.4044
  21  32  39  -17.01911
  21  32  40  37.2603
  21  21   1  28.42777
  21  21   2  68.43799
  21  21   3  22.73752
  21  21   4  0.94314
  21  21   5  42.2515
  41  17  29  -5.56642
  41  37   1  -5.70179
  41   2  37  -7.24908
  41  30  17  -8.4044
  41  18  29  -2.37004
  41  18  30  -11.58308
  41  38   1  -3.25606
  41  38   2  -12.02922
  41  39   1  10.61971
  41  39   2  67.32506
  41  19  29  -2.19949
  41  19  30  69.55838
  41   3  37  0.29241
  41   3  38  -41.32094
  41   3  39  4.00203
  41  31  17  59.8573
  41  31  18  22.45115
  41  31  19  -5.0858
  41   4  37  83.63619
  41   4  38  75.80837
  41   4  39  -29.14383
  41  40   1  -50.90893
  41  40   2  -8.01447
  41  40   3  31.09215
  41  40   4  9.45521
  41  20  29  -70.46007
  41  20  30  -61.14305
  41  20  31  24.19408
  41   5  37  -9.09268
  41   5  38  11.34071
  41   5  39  -63.09797
  41   5  40  27.18742
  41  32  17  53.47227
  41  32  18  94.20037
  41  32  19  -46.60174
  41  32  20  16.07933
  41  21  29  33.38918
  41  21  30  94.68843
  41  21  31  30.16433
  41  21  32  10.84773
  41  41   1  66.5061
  41  41   2  104.40271
  41  41   3  34.8125
  41  41   4  2.77081
  41  41   5  37.31442
  33  29   1  12.63962
  33  37  17  14.5725
  33   2  29  0.6146
  33  30   1  1.74657
  33  30   2  14.77626
  33  18  37  -0.35323
  33  38  17  1.94449
  33  38  18  14.5384
  33  39  17  18.15782
  33  39  18  -28.56477
  33  19  37  36.72119
  33  19  38  -41.11389
  33  19  39  50.46569
  33   3  29  -49.62506
  33   3  30  26.88076
  33  31   1  -70.16291
  33  31   2  20.08671
  33  31   3  28.84194
  33   4  29  -60.94926
  33   4  30  -1.89919
  33   4  31  35.33076
  33  40  17  73.83602
  33  40  18  -58.30859
  33  40  19  -24.33863
  33  20  37  89.83954
  33  20  38  -42.55665
  33  20  39  -59.35226
  33  20  40  35.28572
  33   5  29  28.34345
  33   5  30  -9.19128
  33   5  31  51.80053
  33  32   1  31.18763
  33  32   2  -38.60449
  33  32   3  -10.40513
  33  32   4  29.10355
  33  32   5  37.69164
  33  21  37  -11.96904
  33  21  38  -23.74142
  33  21  39  -61.60587
  33  21  40  46.89874
  33  41  17  -55.90666
  33  41  18  3.22281
  33  41  19  -9.968
  33  41  20  24.40018
  33  41  21  46.88053
  33  33   1  93.33605
  33  33   2  -25.24415
  33  33   3  29.98384
  33  33   4  26.20012
  33  33   5  69.49064
   6   1   1  1.17641
   6  29  29  0.92531
   6  17  17  3.60676
   6  37  37  3.49306
   6   2   1  1.23326
   6   2   2  0.65864
   6  30  29  1.08026
   6  30  30  0.80937
   6  18  17  -0.46991
   6  18  18  1.29419
   6  38  37  -0.46141
   6  38  38  1.11324
   6  39  37  60.65975
   6  39  38  16.407
   6  39  39  33.25393
   6  19  17  79.00026
   6  19  18  -9.47576
   6  19  19  24.53314
   6   3   1  -71.18658
   6   3   2  7.95065
   6   3   3  -20.69069
   6  31  29  -69.31399
   6  31  30  73.61982
   6  31  31  3.4916
   6   4   1  -35.43559
   6   4   2  101.12874
   6   4   3  -6.62346
   6   4   4  11.03069
   6  40  37  83.986
   6  40  38  -88.26868
   6  40  39  -10.55063
   6  40  40  7.0549
   6  20  17  57.99388
   6  20  18  -126.57017
   6  20  19  -15.13985
   6  20  20  12.36087
   6   5   1  33.10781
   6   5   2  -13.01156
   6   5   3  -37.54184
   6   5   4  25.29318
   6   5   5  -29.65525
   6  32  29  76.65005
   6  32  30  52.267
   6  32  31  13.85666
   6  32  32  25.5702
   6  21  17  50.89474
   6  21  18  50.86236
   6  21  19  -8.70804
   6  21  20  7.60214
   6  21  21  -2.73036
   6  41  37  2.53854
   6  41  38  104.25646
   6  41  39  -2.67017
   6  41  40  6.47487
   6  41  41  16.8805
   6  33  29  108.72505
   6  33  30  -62.56445
   6  33  31  8.51536
   6  33  32  5.73633
   6  33  33  10.30315
   6   6   1  172.8349
   6   6   2  -4.61093
   6   6   3  -11.93249
   6   6   4  -2.15958
   6   6   5  -13.86531
   6   6   6  -4.16289
  42  17  29  4.98098
  42  37   1  5.04959
  42   2  37  3.98272
  42  30  17  4.49962
  42  18  29  1.4413
  42  18  30  4.33252
  42  38   1  1.97652
  42  38   2  4.49588
  42  39   1  40.54935
  42  39   2  27.32967
  42  19  29  55.70916
  42  19  30  19.07359
  42   3  37  -49.09605
  42   3  38  12.70781
  42   3  39  -52.90361
  42  31  17  -23.90568
  42  31  18  73.40032
  42  31  19  -18.96508
  42   4  37  -2.01698
  42   4  38  91.37294
  42   4  39  31.31893
  42  40   1  70.38823
  42  40   2  -55.87489
  42  40   3  -42.77641
  42  40   4  0.34529
  42  20  29  67.23617
  42  20  30  -86.23341
  42  20  31  -21.67889
  42   5  37  18.83527
  42   5  38  -15.58987
  42   5  39  59.28921
  42   5  40  26.95115
  42  32  17  71.07561
  42  32  18  28.62364
  42  32  19  93.96443
  42  32  20  -4.20851
  42  21  29  28.91104
  42  21  30  65.79958
  42  21  31  4.23824
  42  21  32  -21.00972
  42  41   1  -8.1953
  42  41   2  92.75784
  42  41   3  -8.51662
  42  41   4  16.56085
  42  41   5  11.99223
  42  33  17  58.50768
  42  33  18  -73.86084
  42  33  19  -12.36506
  42  33  20  5.6945
  42  33  21  10.71706
  42   6  37  134.5079
  42   6  38  -17.24759
  42   6  39  -15.53196
  42   6  40  -10.22114
  42   6  41  -4.57783
  42  42   1  109.15318
  42  42   2  21.68774
  42  42   3  40.21316
  42  42   4  -21.02298
  42  42   5  -37.69375
  42  42   6  38.44305
  34  29   1  -0.20411
  34  37  17  1.17137
  34   2  29  0.4083
  34  30   1  0.17954
  34  30   2  -4.2295
  34  18  37  -1.96185
  34  38  17  -2.13426
  34  38  18  -3.11454
  34  39  17  46.14244
  34  39  18  22.79382
  34  19  37  54.54954
  34  19  38  16.12099
  34  19  39  32.6868
  34   3  29  -40.85208
  34   3  30  -8.28285
  34  31   1  -27.01425
  34  31   2  62.93402
  34  31   3  -19.76341
  34   4  29  -8.60963
  34   4  30  97.09734
  34   4  31  -27.13145
  34  40  17  35.38179
  34  40  18  -62.70946
  34  40  19  41.66216
  34  20  37  21.37563
  34  20  38  -96.99037
  34  20  39  24.12734
  34  20  40  -20.14952
  34   5  29  15.3382
  34   5  30  -9.01971
  34   5  31  -28.99554
  34  32   1  56.69197
  34  32   2  64.05514
  34  32   3  -39.95287
  34  32   4  23.8011
  34  32   5  43.54998
  34  21  37  53.91359
  34  21  38  68.27635
  34  21  39  25.2657
  34  21  40  -31.92237
  34  41  17  39.08122
  34  41  18  100.14151
  34  41  19  27.46085
  34  41  20  -28.23146
  34  41  21  -39.38992
  34  33   1  57.27954
  34  33   2  -54.41245
  34  33   3  -14.81268
  34  33   4  -22.11727
  34  33   5  -48.41478
  34   6  29  117.27734
  34   6  30  36.29693
  34   6  31  -11.4107
  34   6  32  -12.37254
  34   6  33  -6.96257
  34  42  17  104.57691
  34  42  18  9.86167
  34  42  19  -47.53082
  34  42  20  3.37828
  34  42  21  15.79808
  34  34   1  91.54504
  34  34   2  59.44454
  34  34   3  30.79782
  34  34   4  -9.01563
  34  34   5  -1.73288
  34  34   6  16.50964
  22  17   1  8.80806
  22  37  29  8.87593
  22   2  17  1.42852
  22  30  37  1.34956
  22  18   1  -2.57624
  22  18   2  5.11793
  22  38  29  -2.17813
  22  38  30  5.04526
  22  39  29  33.26132
  22  39  30  25.81257
  22  19   1  48.98774
  22  19   2  14.38201
  22   3  17  -47.21978
  22   3  18  14.4141
  22   3  19  -52.39791
  22  31  37  -33.79105
  22  31  38  62.467
  22  31  39  22.36886
  22   4  17  -2.55759
  22   4  18  79.55458
  22   4  19  41.1025
  22  40  29  68.59333
  22  40  30  -45.02455
  22  40  31  -32.74389
  22  20   1  63.64693
  22  20   2  -75.21908
  22  20   3  -1.69025
  22  20   4  -24.29111
  22   5  17  15.05596
  22   5  18  -16.24254
  22   5  19  60.84687
  22   5  20  -8.81556
  22  32  37  60.67515
  22  32  38  27.94136
  22  32  39  81.07993
  22  32  40  17.63527
  22  21   1  28.35213
  22  21   2  53.35505
  22  21   3  12.81845
  22  21   4  -6.29278
  22  21   5  -20.74557
  22  41  29  -16.58637
  22  41  30  76.67459
  22  41  31  -5.48957
  22  41  32  9.62126
  22  33  37  61.82374
  22  33  38  -61.99552
  22  33  39  23.91723
  22  33  40  -30.11283
  22  33  41  -27.4206
  22   6  17  117.32437
  22   6  18  -32.79228
  22   6  19  -16.16417
  22   6  20  -6.01376
  22   6  21  18.71559
  22  42  29  97.88763
  22  42  30  16.4099
  22  42  31  10.43357
  22  42  32  -33.46958
  22  42  33  8.95207
  22  34  37  90.07758
  22  34  38  9.29801
  22  34  39  -49.78221
  22  34  40  -8.71568
  22  34  41  17.28588
  22  34  42  41.32939
  22  22   1  86.55138
  22  22   2  2.20576
  22  22   3  16.06986
  22  22   4  -0.71235
  22  22   5  -23.39859
  22  22   6  14.91244
   7   1   1  17.51301
   7  29  29  17.50774
   7  17  17  14.12924
   7  37  37  14.05547
   7   2   1  -0.77951
   7   2   2  13.51954
   7  30  29  -0.54548
   7  30  30  13.82843
   7  18  17  0.18893
   7  18  18  12.94197
   7  38  37  0.33399
   7  38  38  13.09677
   7  39  37  17.84023
   7  39  38  41.86793
   7  39  39  45.52651
   7  19  17  13.2237
   7  19  18  40.93799
   7  19  19  61.70061
   7   3   1  5.20264
   7   3   2  -23.76326
   7   3   3  75.72556
   7  31  29  32.85829
   7  31  30  35.69436
   7  31  31  88.19025
   7   4   1  44.68078
   7   4   2  66.8577
   7   4   3  34.0854
   7   4   4  35.58798
   7  40  37  -39.84316
   7  40  38  -2.84497
   7  40  39  24.76983
   7  40  40  36.9647
   7  20  17  -65.37706
   7  20  18  -24.79211
   7  20  19  13.7166
   7  20  20  16.38405
   7   5   1  -7.38122
   7   5   2  0.71279
   7   5   3  -93.37271
   7   5   4  -10.85212
   7   5   5  12.91358
   7  32  29  13.88158
   7  32  30  74.11476
   7  32  31  -55.86513
   7  32  32  75.48561
   7  21  17  47.54094
   7  21  18  59.80886
   7  21  19  -7.01852
   7  21  20  -5.07829
   7  21  21  -14.46809
   7  41  37  66.39414
   7  41  38  64.11163
   7  41  39  0.78459
   7  41  40  1.20015
   7  41  41  7.7512
   7  33  29  -38.38027
   7  33  30  -10.02417
   7  33  31  -3.85119
   7  33  32  -0.98772
   7  33  33  16.83302
   7   6   1  -15.90534
   7   6   2  78.72279
   7   6   3  19.86113
   7   6   4  5.62984
   7   6   5  -29.37224
   7   6   6  30.41392
   7  42  37  13.25044
   7  42  38  72.77437
   7  42  39  -21.83655
   7  42  40  -8.83139
   7  42  41  -4.693
   7  42  42  28.63296
   7  34  29  1.07292
   7  34  30  85.26292
   7  34  31  36.39689
   7  34  32  -43.04147
   7  34  33  12.82063
   7  34  34  37.64649
   7  22  17  13.40423
   7  22  18  57.20119
   7  22  19  -22.32464
   7  22  20  5.96955
   7  22  21  10.89416
   7  22  22  28.57795
   7   7   1  47.10268
   7   7   2  56.36711
   7   7   3  -59.33002
   7   7   4  -46.37412
   7   7   5  27.55103
   7   7   6  -31.71785
   7   7   7  83.99174
  35  29   1  -19.96428
  35  37  17  -15.99159
  35   2  29  2.01139
  35  30   1  0.43372
  35  30   2  -15.0901
  35  18  37  1.67833
  35  38  17  -0.85458
  35  38  18  -14.71091
  35  39  17  -10.8222
  35  39  18  -32.42384
  35  19  37  0.84697
  35  19  38  -35.26413
  35  19  39  -61.69032
  35   3  29  -13.34503
  35   3  30  19.10546
  35  31   1  -35.95785
  35  31   2  -20.68185
  35  31   3  -88.85044
  35   4  29  -39.11556
  35   4  30  -47.57009
  35   4  31  -53.89019
  35  40  17  43.20054
  35  40  18  -9.82917
  35  40  19  -36.08558
  35  20  37  61.65041
  35  20  38  12.20063
  35  20  39  3.25474
  35  20  40  -28.97931
  35   5  29  9.33849
  35   5  30  -1.48838
  35   5  31  43.39036
  35  32   1  -5.20362
  35  32   2  -54.69647
  35  32   3  81.44999
  35  32   4  5.51868
  35  32   5  -68.42407
  35  21  37  -29.58841
  35  21  38  -46.98767
  35  21  39  18.8933
  35  21  40  -2.81281
  35  41  17  -57.19433
  35  41  18  -34.8735
  35  41  19  -2.92051
  35  41  20  0.30732
  35  41  21  -3.90821
  35  33   1  43.49543
  35  33   2  -2.89074
  35  33   3  -4.18149
  35  33   4  2.76717
  35  33   5  -8.31817
  35   6  29  36.16688
  35   6  30  -65.42804
  35   6  31  -24.23003
  35   6  32  20.63473
  35   6  33  -20.1209
  35  42  17  -1.51562
  35  42  18  -62.88244
  35  42  19  27.0097
  35  42  20  -3.00673
  35  42  21  -1.66749
  35  34   1  10.25017
  35  34   2  -66.41308
  35  34   3  -48.37576
  35  34   4  -3.92715
  35  34   5  39.90976
  35  34   6  -31.05848
  35  22  37  5.25667
  35  22  38  -51.22517
  35  22  39  14.22215
  35  22  40  10.50995
  35  22  41  5.83313
  35  22  42  -29.92429
  35   7  29  -41.1008
  35   7  30  -39.49998
  35   7  31  70.24398
  35   7  32  -26.22313
  35   7  33  -2.28627
  35   7  34  34.30439
  35  35   1  41.66147
  35  35   2  23.7683
  35  35   3  -56.22607
  35  35   4  -49.08394
  35  35   5  38.20589
  35  35   6  -32.10539
  35  35   7  98.17598
  25  25   1  271.30312
  25  25   2  7.04027
  25  25   3  4.54933
  25  25   4  -1.84139
  25  25   5  -5.14446
  25  25   6  -0.44716
  25  25   7  12.08829
  10  25  29  275.36111
  10  25  30  10.55022
  10  25  31  1.50436
  10  25  32  -4.72988
  10  25  34  0.70682
  10  25  35  -12.74056
  10  10   1  280.59856
  10  10   2  -10.62248
  10  10   3  3.00607
  10  10   4  -1.39399
  10  10   5  -4.46751
  10  10   6  -1.60114
  10  10   7  13.75934
  45  25  17  -235.05401
  45  25  18  -20.07704
  45  25  19  8.90107
  45  25  20  -1.5003
  45  25  21  -2.19248
  45  25  22  -8.42865
  45  10  37  -231.02636
  45  10  38  -28.64701
  45  10  39  11.07114
  45  10  40  2.19757
  45  10  41  2.45525
  45  10  42  -8.75437
  45  45   1  198.20163
  45  45   2  179.80524
  45  45   3  12.62751
  45  45   4  -2.67902
  45  45   5  -6.78108
  45  45   6  8.80721
  45  45   7  2.85728
  14  25  37  -257.95985
  14  25  38  -6.66994
  14  25  39  11.61506
  14  25  40  3.20777
  14  25  41  2.36753
  14  25  42  -10.23476
  14  10  17  -257.44167
  14  10  18  25.09355
  14  10  19  11.05776
  14  10  20  -1.72958
  14  10  21  -5.66912
  14  10  22  -7.23535
  14  45  29  208.59525
  14  45  30  162.39758
  14  45  31  5.45471
  14  45  32  -15.25783
  14  45  33  3.24048
  14  45  34  13.85296
  14  45  35  -1.59182
  14  14   1  240.47689
  14  14   2  126.18659
  14  14   3  11.55423
  14  14   5  -15.02929
  14  14   6  11.89195
  14  14   7  4.9483
  43  17  29  -7.26698
  43  37   1  -7.63292
  43   2  37  7.15661
  43  30  17  7.02945
  43  18  29  8.73054
  43  18  30  2.17505
  43  38   1  8.04623
  43  38   2  2.23697
  43  39   1  10.90105
  43  39   2  17.39521
  43  19  29  8.29395
  43  19  30  16.53302
  43   3  37  3.83353
  43   3  38  -6.48055
  43   3  39  5.06483
  43  31  17  25.91613
  43  31  18  10.73129
  43  31  19  -25.25956
  43   4  37  32.47662
  43   4  38  24.58982
  43   4  39  -35.31107
  43  40   1  -12.77849
  43  40   2  -8.66233
  43  40   3  -0.63908
  43  40   4  -0.84158
  43  20  29  -24.15274
  43  20  30  -24.47316
  43  20  31  9.54518
  43   5  37  -0.27548
  43   5  38  1.9098
  43   5  39  -31.53283
  43   5  40  8.66282
  43  32  17  19.62667
  43  32  18  26.25879
  43  32  19  -31.21062
  43  32  20  19.44458
  43  21  29  8.36554
  43  21  30  30.29323
  43  21  31  4.92286
  43  21  32  3.03657
  43  41   1  25.20758
  43  41   2  35.82303
  43  41   3  13.05261
  43  41   4  -8.23682
  43  41   5  21.175
  43  33  17  -17.00737
  43  33  18  -0.34076
  43  33  19  -7.24028
  43  33  20  25.41294
  43  33  21  31.53867
  43   6  37  4.94292
  43   6  38  34.0293
  43   6  39  -1.85197
  43   6  40  18.64839
  43   6  41  -15.83231
  43  42   1  -1.84122
  43  42   2  34.51928
  43  42   3  -2.57532
  43  42   4  -8.10835
  43  42   5  11.15086
  43  42   6  7.97183
  43  34  17  15.02132
  43  34  18  34.51612
  43  34  19  19.26522
  43  34  20  7.57346
  43  34  21  -35.09766
  43  22  30  31.03962
  43  22  31  -9.66755
  43  22  32  -4.24353
  43  22  33  3.81825
  43  22  34  7.89252
  43   7  37  17.28959
  43   7  38  26.99633
  43   7  39  12.62121
  43   7  40  4.23193
  43   7  41  -7.55307
  43   7  42  -26.58307
  43  35  17  -13.81588
  43  35  18  -17.79815
  43  35  19  -12.88727
  43  35  21  8.71561
  43  35  22  23.48154
  43  45  10  1.53923
  43  14  25  -0.82528
  43  43   2  7.40472
  43  43   3  -5.84836
  43  43   4  0.48685
  43  43   5  12.2279
  43  43   6  -11.17691
  43  43   7  1.29703
  26  25   1  89.45702
  26  25   2  -206.98593
  26  25   3  -12.88648
  26  25   4  3.88117
  26  25   5  1.58532
  26  25   6  -8.94822
  26  25   7  8.38977
  26  10  29  106.15001
  26  10  30  -196.55607
  26  10  31  -3.43868
  26  10  32  12.202
  26  10  33  -7.84596
  26  10  34  -7.75676
  26  10  35  -9.53116
  26  45  17  61.5938
  26  45  18  245.79737
  26  45  19  3.0612
  26  45  20  1.65896
  26  45  21  -11.73107
  26  45  22  8.98653
  26  14  37  10.16389
  26  14  38  251.07079
  26  14  39  0.99141
  26  14  40  6.2855
  26  14  41  -1.22145
  26  14  42  -2.04212
  26  43  14  -20.52261
  26  26   1  179.53864
  26  26   2  152.03798
  26  26   3  12.56084
  26  26   4  -7.58021
  26  26   5  12.3442
  26  26   6  -13.69886
  26  26   7  -1.78595
  11  25  29  92.75569
  11  25  30  -247.16068
  11  25  31  -5.9994
  11  25  32  14.62598
  11  25  33  -6.92129
  11  25  34  -12.33366
  11  25  35  -9.83169
  11  10   1  90.32881
  11  10   2  -243.40347
  11  10   3  -15.85434
  11  10   4  3.20188
  11  10   5  5.14109
  11  10   6  -13.39095
  11  10   7  7.06987
  11  45  37  72.07275
  11  45  38  305.25262
  11  45  40  5.90723
  11  45  41  1.34478
  11  45  42  -1.22406
  11  14  17  63.8506
  11  14  18  301.8786
  11  14  19  4.88303
  11  14  20  -2.14948
  11  14  21  -6.18986
  11  14  22  14.83541
  11  43  45  -21.90735
  11  26  29  199.69586
  11  26  30  215.01049
  11  26  31  2.94992
  11  26  33  1.81797
  11  26  34  -22.67837
  11  26  35  -2.13024
  11  11   1  245.05334
  11  11   2  274.10004
  11  11   3  9.38756
  11  11   4  2.31426
  11  11   5  8.78164
  11  11   6  -11.35486
  11  11   7  2.51337
  23  17   1  3.26688
  23  37  29  4.36389
  23   2  17  -7.65288
  23  30  37  -7.14021
  23  18   1  -7.55205
  23  18   2  -3.48848
  23  38  29  -7.03931
  23  38  30  -4.59422
  23  39  29  -27.50831
  23  39  30  -18.60869
  23  19   1  -36.82955
  23  19   2  -8.20909
  23   3  17  22.03512
  23   3  18  -7.73392
  23   3  19  16.43128
  23  31  37  6.56075
  23  31  38  -38.81505
  23  31  39  -22.25704
  23   4  17  -10.74269
  23   4  18  -47.22801
  23   4  19  -2.94652
  23  40  29  -39.25607
  23  40  30  32.00833
  23  40  31  43.89352
  23  20   1  -29.64745
  23  20   2  48.45973
  23  20   3  12.62
  23  20   4  22.85851
  23   5  17  -8.94518
  23   5  18  7.88106
  23   5  19  -29.36024
  23   5  20  21.67311
  23  32  37  -37.68467
  23  32  38  -19.45098
  23  32  39  -34.17342
  23  32  40  6.61353
  23  21   1  -14.18331
  23  21   2  -32.47812
  23  21   3  5.27553
  23  21   4  16.2459
  23  21   5  24.52793
  23  41  29  3.08196
  23  41  30  -45.62182
  23  41  31  23.36051
  23  41  32  9.94843
  23  33  37  -33.129
  23  33  38  31.98072
  23  33  39  -47.21795
  23  33  40  26.86686
  23  33  41  39.51823
  23   6  17  -65.98043
  23   6  18  13.59629
  23   6  19  -4.51709
  23   6  20  -17.30587
  23   6  21  -2.37002
  23  42  29  -51.1012
  23  42  30  -16.25483
  23  42  31  -3.79909
  23  42  32  6.07675
  23  42  33  -23.14617
  23  34  37  -49.65117
  23  34  38  -8.97302
  23  34  39  30.24051
  23  34  40  -30.0852
  23  34  41  -8.77093
  23  34  42  -18.45174
  23  22   1  -49.53057
  23  22   2  -8.2925
  23  22   3  -9.10263
  23  22   5  -2.32339
  23  22   6  -21.65613
  23   7  17  -3.67554
  23   7  18  -39.13092
  23   7  19  -3.02122
  23   7  20  1.80194
  23   7  21  1.99807
  23   7  22  13.75403
  23  35  37  -7.21154
  23  35  38  35.40961
  23  35  39  13.55262
  23  35  40  -10.27633
  23  35  41  -5.69442
  23  35  42  -13.23306
  23  45  25  6.21017
  23  14  10  8.31364
  23  43  29  6.41159
  23  43  30  -14.74004
  23  43  31  9.43586
  23  43  32  4.019
  23  43  33  9.55538
  23  43  34  -7.55493
  23  26  45  10.31552
  23  11  14  10.46278
  23  23   1  19.35538
  23  23   2  7.7648
  23  23   3  11.24051
  23  23   4  14.82674
  23  23   5  12.58327
  23  23   6  15.89347
  23  23   7  -8.62255
  46  25  17  156.71553
  46  25  18  -273.92195
  46  25  19  -9.84219
  46  25  20  2.29023
  46  25  21  11.92714
  46  25  22  -6.08378
  46  10  37  189.77329
  46  10  38  -259.95258
  46  10  39  -10.64324
  46  10  40  -5.18944
  46  10  41  0.3418
  46  10  42  6.25351
  46  45   1  -121.1571
  46  45   2  225.27595
  46  45   3  5.15003
  46  45   4  -3.58142
  46  45   5  12.35853
  46  45   6  -7.11117
  46  45   7  -4.99602
  46  14  29  -178.54551
  46  14  30  226.31666
  46  14  32  6.58368
  46  14  33  6.58525
  46  14  34  -16.69282
  46  14  35  0.81748
  46  43  10  18.08356
  46  26  17  243.953
  46  26  18  -10.66866
  46  26  19  -4.79448
  46  26  20  4.20624
  46  26  21  -7.62525
  46  26  22  -10.6174
  46  11  37  278.2445
  46  11  38  37.81642
  46  11  39  -4.23505
  46  11  41  -6.04359
  46  11  42  -14.4706
  46  11  43  -5.29518
  46  23  25  -13.23934
  46  23  26  1.98349
  46  46   1  361.2036
  46  46   2  -42.49939
  46  46   3  0.64569
  46  46   4  -1.65956
  46  46   5  1.77601
  46  46   6  -5.50303
  46  46   7  -8.46639
  27  25   1  11.70137
  27  25   2  -128.40104
  27  25   3  -9.70509
  27  25   4  1.50199
  27  25   5  4.51541
  27  25   6  -8.15074
  27  25   7  1.43607
  27  10  29  21.15743
  27  10  30  -123.22913
  27  10  31  -4.44255
  27  10  32  8.73876
  27  10  33  -4.53953
  27  10  34  -9.1277
  27  10  35  -2.94812
  27  45  17  75.3213
  27  45  18  154.17316
  27  45  19  0.51694
  27  45  20  -6.01484
  27  45  21  -3.13773
  27  45  22  9.39835
  27  14  37  47.30884
  27  14  38  155.70678
  27  14  39  3.5609
  27  14  40  -4.13921
  27  14  41  1.48732
  27  14  42  5.11606
  27  43  14  -6.91069
  27  26   1  98.13067
  27  26   2  127.73406
  27  26   3  0.91369
  27  26   4  9.18357
  27  26   5  1.61786
  27  26   6  -4.68255
  27  11  29  107.14198
  27  11  30  170.33052
  27  11  31  7.98661
  27  11  32  7.54615
  27  11  33  1.89986
  27  11  34  -5.91166
  27  11  35  -3.35371
  27  23  45  3.22702
  27  46  17  126.52642
  27  46  18  35.31015
  27  46  19  2.05684
  27  46  20  -4.91412
  27  46  21  -5.36662
  27  46  22  -4.81792
  27  46  23  -4.72903
  27  27   1  51.7752
  27  27   2  92.53442
  27  27   3  2.46903
  27  27   4  -2.56027
  27  27   5  -2.44498
  27  27   6  2.16642
  27  27   7  0.63938
   8   1   1  -10.28775
   8  29  29  -10.3548
   8  17  17  -9.44724
   8  37  37  -9.75986
   8   2   1  0.9884
   8   2   2  -7.95475
   8  30  29  1.06952
   8  30  30  -7.18741
   8  18  17  1.98729
   8  18  18  -8.50668
   8  38  37  2.00757
   8  38  38  -7.88216
   8  39  37  -2.0419
   8  39  38  17.35126
   8  39  39  -68.03819
   8  19  17  -7.68031
   8  19  18  22.77564
   8  19  19  -37.36786
   8   3   1  20.29803
   8   3   2  -12.47555
   8   3   3  -66.54702
   8  31  29  37.76248
   8  31  30  2.91415
   8  31  31  -41.35877
   8   4   1  37.9559
   8   4   2  13.77629
   8   4   3  9.08305
   8   4   4  -30.62893
   8  40  37  -38.89545
   8  40  38  17.7977
   8  40  39  28.61236
   8  40  40  -22.95638
   8  20  17  -50.05223
   8  20  18  12.80445
   8  20  19  23.15868
   8  20  20  -20.1241
   8   5   1  -10.03536
   8   5   2  4.15639
   8   5   3  -62.17396
   8   5   4  -6.8812
   8   5   5  -148.7616
   8  32  29  -6.17934
   8  32  30  29.48896
   8  32  31  -16.56359
   8  32  32  -44.15617
   8  21  17  14.07968
   8  21  18  21.84566
   8  21  19  19.79789
   8  21  20  -17.64626
   8  21  21  -51.07488
   8  41  37  38.78455
   8  41  38  16.79346
   8  41  39  19.15375
   8  41  40  -18.94087
   8  41  41  -28.21452
   8  33  29  -45.60695
   8  33  30  4.04521
   8  33  31  -35.68905
   8  33  32  -21.83361
   8  33  33  -46.51453
   8   6   1  -42.38175
   8   6   2  43.73123
   8   6   3  -22.85703
   8   6   4  -8.8929
   8   6   5  -26.56199
   8   6   6  -4.66838
   8  42  37  -22.10111
   8  42  38  45.01686
   8  42  39  5.47244
   8  42  40  10.4536
   8  42  41  -5.66226
   8  42  42  -10.52013
   8  34  29  -21.80419
   8  34  30  40.92696
   8  34  31  11.96569
   8  34  32  21.01664
   8  34  33  39.63222
   8  34  34  -31.85555
   8  22  17  -16.96876
   8  22  18  41.50279
   8  22  19  -2.4796
   8  22  20  15.87494
   8  22  21  9.12198
   8  22  22  -8.99573
   8   7   1  20.89307
   8   7   2  18.47443
   8   7   3  -12.20105
   8   7   4  13.2992
   8   7   5  -12.77316
   8   7   6  -14.01256
   8   7   7  -29.51059
   8  35  29  -20.38617
   8  35  30  -10.61702
   8  35  31  -1.01293
   8  35  32  1.15781
   8  35  33  18.6085
   8  35  34  2.23423
   8  35  35  -27.79986
   8  25  25  -1.13873
   8  45  45  -7.56253
   8  14  14  -5.88187
   8  43  37  8.56003
   8  43  38  3.71853
   8  43  39  19.48406
   8  43  40  -5.34316
   8  43  41  -9.02116
   8  43  42  -12.52019
   8  43  43  -13.70205
   8  26  25  6.03333
   8  26  26  -0.69027
   8  11  10  5.10353
   8  11  11  2.68427
   8  23  17  10.38767
   8  23  18  -19.68976
   8  23  19  5.94086
   8  23  20  -14.72619
   8  23  21  -16.95484
   8  23  22  10.39449
   8  23  23  -19.03931
   8  46  45  -3.69245
   8  46  46  -1.83664
   8  27  25  1.82733
   8  27  26  -3.04188
   8  27  27  15.03057
   8   8   1  21.14877
   8   8   2  2.19667
   8   8   3  -43.12029
   8   8   4  19.49369
   8   8   5  -33.06075
   8   8   6  -23.91294
   8   8   7  -10.37268
   8   8   8  -69.96765
  15  25  37  140.34385
  15  25  38  -307.45906
  15  25  39  -8.44456
  15  25  40  -3.63624
  15  25  41  -1.97623
  15  25  42  3.8426
  15  10  17  126.34917
  15  10  18  -317.64259
  15  10  19  -7.70896
  15  10  20  2.83575
  15  10  21  7.67889
  15  10  22  -8.52933
  15  45  29  -97.41045
  15  45  30  303.64328
  15  45  31  2.52744
  15  45  32  0.89545
  15  45  33  3.19121
  15  45  34  -10.23739
  15  45  35  1.48642
  15  14   1  -132.38816
  15  14   2  310.82059
  15  14   3  6.51487
  15  14   4  0.92363
  15  14   5  3.31649
  15  14   6  -1.84219
  15  14   7  -1.31439
  15  43  25  17.28091
  15  26  37  290.43074
  15  26  38  80.77702
  15  26  39  -4.49853
  15  26  40  2.51456
  15  26  41  -4.68918
  15  26  42  -13.1753
  15  26  43  -8.1783
  15  11  17  348.30602
  15  11  18  100.19743
  15  11  19  1.03735
  15  11  20  -0.69217
  15  11  21  -5.00491
  15  11  22  -7.84425
  15  23  10  -12.33947
  15  23  11  3.97127
  15  46  29  379.90281
  15  46  30  32.61053
  15  46  31  1.12077
  15  46  33  1.7687
  15  46  34  -10.57166
  15  46  35  8.95536
  15  27  37  156.93533
  15  27  38  96.45834
  15  27  39  7.7611
  15  27  40  -4.19802
  15  27  41  -2.16006
  15  27  42  -3.38345
  15  27  43  8.89466
  15   8  14  -3.20253
  15  15   1  414.11282
  15  15   2  104.64292
  15  15   3  -0.67792
  15  15   4  2.98858
  15  15   5  0.7474
  15  15   6  -4.16652
  15  15   7  -11.49341
  15  15   8  -0.75324
  12  25  29  99.48058
  12  25  30  -15.57565
  12  25  31  -6.87463
  12  25  32  -4.94958
  12  25  33  4.59887
  12  25  34  -2.46665
  12  25  35  -4.8079
  12  10   1  100.83481
  12  10   2  -22.833
  12  10   3  1.49282
  12  10   4  -9.49041
  12  10   5  1.57389
  12  10   6  -0.528
  12  10   7  4.7966
  12  45  37  -70.79773
  12  45  38  14.71763
  12  45  39  9.85226
  12  45  40  4.78567
  12  45  41  7.75397
  12  45  42  -2.81198
  12  14  17  -79.5625
  12  14  18  31.67913
  12  14  19  12.56989
  12  14  20  -2.6848
  12  14  21  3.29006
  12  14  22  -3.40169
  12  26  29  48.23863
  12  26  30  -47.32843
  12  26  31  -2.51288
  12  26  32  12.19805
  12  26  33  -3.83912
  12  26  34  -1.51045
  12  26  35  -3.20734
  12  11   1  48.9988
  12  11   2  -56.09054
  12  11   3  -7.40984
  12  11   4  6.33522
  12  11   5  5.20362
  12  11   6  -1.46506
  12  11   7  6.05164
  12  23  14  0.59545
  12  46  37  81.18008
  12  46  38  -79.89057
  12  46  39  -0.55933
  12  46  40  8.34814
  12  46  41  12.00962
  12  46  42  4.3081
  12  46  43  -11.03082
  12  27  29  21.20403
  12  27  30  -23.80077
  12  27  31  2.77523
  12  27  32  -0.73572
  12  27  33  2.6254
  12  27  34  -0.71308
  12  27  35  -11.00655
  12   8  10  -1.1379
  12   8  11  -0.89735
  12  15  17  66.71352
  12  15  18  -91.64507
  12  15  19  13.45125
  12  15  20  -7.22024
  12  15  22  13.45485
  12  15  23  15.46984
  12  12   1  25.04356
  12  12   2  -13.73297
  12  12   3  -12.95758
  12  12   4  19.28217
  12  12   5  10.27211
  12  12   7  -19.60916
  12  12   8  3.74456
  36  29   1  -3.13692
  36   2  29  4.33229
  36  30   1  4.40504
  36  30   2  6.36573
  36  18  37  6.45609
  36  38  17  6.72478
  36  38  18  3.62617
  36  39  17  -14.40739
  36  39  18  9.77008
  36  19  37  -26.53797
  36  19  38  14.12311
  36  19  39  -5.06054
  36   3  29  33.91771
  36   3  30  -5.21432
  36  31   1  45.1777
  36  31   2  -13.77536
  36  31   3  0.94326
  36   4  29  36.42634
  36   4  30  -12.83049
  36   4  31  -22.30395
  36  40  17  -46.43212
  36  40  18  32.9073
  36  40  19  16.8949
  36  20  37  -52.55962
  36  20  38  32.00096
  36  20  39  12.04519
  36  20  40  4.45829
  36   5  29  -14.63187
  36   5  30  5.92567
  36   5  31  6.76111
  36  32   1  -22.90317
  36  32   2  6.40471
  36  32   3  -1.94474
  36  32   4  -5.63493
  36  32   5  6.30991
  36  21  37  -5.50817
  36  21  38  -0.70638
  36  21  39  -0.46356
  36  21  40  5.65368
  36  41  17  21.7509
  36  41  18  -18.33983
  36  41  19  2.50001
  36  41  20  5.34934
  36  41  21  -20.88168
  36  33   1  -51.74056
  36  33   2  24.21445
  36  33   3  5.06611
  36  33   4  -4.70319
  36  33   5  -8.81348
  36   6  29  -67.08647
  36   6  30  27.07047
  36   6  31  -9.29649
  36   6  32  -8.90019
  36   6  33  18.9695
  36  42  17  -40.51408
  36  42  18  38.35716
  36  42  19  -7.83998
  36  42  20  8.20595
  36  42  21  -18.77547
  36  34   1  -39.87897
  36  34   2  18.22555
  36  34   3  0.89842
  36  34   4  -18.14776
  36  34   5  7.59126
  36  34   6  -4.87955
  36  22  37  -36.80719
  36  22  38  34.40805
  36  22  39  -5.78411
  36  22  40  -5.15994
  36  22  41  -18.71208
  36  22  42  3.09209
  36   7  29  15.99936
  36   7  30  -3.93934
  36   7  31  20.64459
  36   7  32  -10.27397
  36   7  33  5.12038
  36   7  34  -13.909
  36  35   1  -19.89155
  36  35   2  6.42924
  36  35   3  -15.52495
  36  35   4  -12.1465
  36  35   5  2.42489
  36  35   6  5.38498
  36  35   7  29.05493
  36  10  25  3.07992
  36  14  45  -3.87698
  36  43  18  -7.99541
  36  43  19  13.19067
  36  43  20  1.87315
  36  43  21  -6.07042
  36  43  22  -9.79106
  36  26  10  5.79192
  36  11  25  5.21097
  36  11  26  -0.69679
  36  23  37  21.53136
  36  23  38  -15.00814
  36  23  39  -0.81734
  36  23  41  1.39763
  36  23  42  -2.81556
  36  23  43  2.79283
  36  46  14  -6.13804
  36  27  10  1.4928
  36  27  11  7.88783
  36   8  29  20.91388
  36   8  30  -10.16675
  36   8  31  -1.08787
  36   8  32  12.18784
  36   8  33  4.95206
  36   8  34  -19.3014
  36  15  45  -8.3484
  36  15  46  -1.69125
  36  12  26  -3.21576
  36  12  27  -2.95117
  36  36   1  26.29604
  36  36   2  -13.01096
  36  36   3  -15.94011
  36  36   4  -3.78362
  36  36   6  -8.78327
  36  36   7  4.84773
  36  36   8  -6.15406
   9   1   1  -2.70704
   9  29  29  -2.32028
   9  17  17  -4.425
   9  37  37  -3.52067
   9   2   1  -2.74313
   9   2   2  -7.36343
   9  30  29  -2.337
   9  30  30  -7.09031
   9  18  17  -4.00712
   9  18  18  -5.44598
   9  38  37  -3.52204
   9  38  38  -5.70396
   9  39  37  10.3888
   9  39  38  -2.91078
   9  39  39  -45.34775
   9  19  17  17.49723
   9  19  18  -6.47014
   9  19  19  -34.49108
   9   3   1  -20.6218
   9   3   2  1.6085
   9   3   3  -20.01646
   9  31  29  -25.00714
   9  31  30  8.77808
   9  31  31  -21.85962
   9   4   1  -16.71988
   9   4   2  15.09048
   9   4   4  -7.51833
   9  40  37  28.62504
   9  40  38  -16.06185
   9  40  39  12.96835
   9  40  40  -34.37078
   9  20  17  25.10021
   9  20  18  -24.75811
   9  20  19  5.21183
   9  20  20  -19.58663
   9   5   1  7.86545
   9   5   2  -4.9464
   9   5   3  10.89035
   9   5   4  -23.97916
   9   5   5  -33.28185
   9  32  29  16.35962
   9  32  30  4.05596
   9  32  31  -2.57811
   9  32  32  -31.04622
   9  21  17  9.40132
   9  21  18  6.98245
   9  21  19  14.00381
   9  21  20  -19.1729
   9  21  21  -15.59108
   9  41  37  -5.56592
   9  41  38  19.66844
   9  41  39  17.74752
   9  41  40  -22.03724
   9  41  41  -16.53963
   9  33  29  27.15166
   9  33  30  -18.1733
   9  33  31  -27.21005
   9  33  32  -9.2944
   9  33  33  -45.19615
   9   6   1  40.03337
   9   6   2  -10.15143
   9   6   3  -3.95016
   9   6   4  5.83852
   9   6   5  0.43066
   9   6   6  -7.58482
   9  42  37  27.58103
   9  42  38  -14.1329
   9  42  39  7.17157
   9  42  40  7.86978
   9  42  41  15.87411
   9  42  42  -7.90219
   9  34  29  26.3709
   9  34  30  0.28702
   9  34  31  17.14062
   9  34  32  20.21497
   9  34  33  11.10327
   9  34  34  -12.92852
   9  22  17  21.69677
   9  22  18  -15.83965
   9  22  19  9.42009
   9  22  20  4.23082
   9  22  21  12.58302
   9  22  22  -13.73944
   9   7   1  -6.8622
   9   7   2  10.52176
   9   7   3  -5.40558
   9   7   4  -0.49879
   9   7   5  4.33108
   9   7   6  3.93945
   9   7   7  3.6735
   9  35  29  11.16975
   9  35  30  -7.32845
   9  35  31  13.08782
   9  35  32  -3.43417
   9  35  33  12.48003
   9  35  34  -8.38853
   9  35  35  -0.53339
   9  25  25  -3.35485
   9  10  10  -2.82484
   9  45  45  1.76964
   9  14  14  2.77567
   9  43  37  2.55459
   9  43  38  6.66077
   9  43  39  2.93292
   9  43  40  -12.32544
   9  43  41  -8.84029
   9  43  42  4.69638
   9  43  43  -6.45828
   9  26  25  -2.79691
   9  26  26  -2.43703
   9  11  10  -4.25432
   9  11  11  -3.20475
   9  23  17  -13.12746
   9  23  18  8.74904
   9  23  19  11.05347
   9  23  20  -13.01741
   9  23  21  -13.51718
   9  23  22  7.1935
   9  23  23  -18.22057
   9  46  45  1.12763
   9  27  25  -0.93473
   9  27  26  -4.74673
   9  27  27  -1.22799
   9   8   1  -8.90788
   9   8   2  10.00262
   9   8   3  16.1748
   9   8   4  4.89452
   9   8   5  19.18519
   9   8   6  9.01195
   9   8   7  3.85688
   9   8   8  -3.25359
   9  15  14  2.72419
   9  12  10  -1.11074
   9  12  11  3.50187
   9  12  12  7.04451
   9  36  29  -14.71013
   9  36  30  5.47138
   9  36  31  3.51804
   9  36  32  -1.66968
   9  36  33  1.15243
   9  36  34  -2.52029
   9  36  35  5.35972
   9  36  36  2.44732
   9   9   1  9.23755
   9   9   2  0.59532
   9   9   3  0.83527
   9   9   4  8.17319
   9   9   5  10.78933
   9   9   6  3.32456
   9   9   8  -14.6069
   9   9   9  -19.80567
  44  17  29  3.39733
  44  37   1  3.49316
  44   2  37  -0.56798
  44  18  29  -2.21569
  44  18  30  2.3739
  44  38   1  -1.81122
  44  38   2  2.36534
  44  39   1  -25.76983
  44  39   2  -14.52639
  44  19  29  -35.26728
  44  19  30  -9.12363
  44   3  37  26.78557
  44   3  38  -5.01623
  44   3  39  -4.00636
  44  31  17  11.57779
  44  31  18  -35.85755
  44  31  19  -4.63299
  44   4  38  -44.43549
  44   4  39  -7.56189
  44  40   1  -41.96459
  44  40   2  29.45888
  44  40   3  1.40119
  44  40   4  18.78355
  44  20  29  -38.06804
  44  20  30  41.65487
  44  20  31  19.09544
  44   5  37  -9.55141
  44   5  38  7.88699
  44   5  39  -13.65347
  44   5  40  12.94509
  44  32  17  -36.83155
  44  32  18  -12.0522
  44  32  19  -0.34637
  44  32  20  11.02046
  44  21  29  -12.27431
  44  21  30  -29.17344
  44  21  31  13.25185
  44  21  32  7.5766
  44  41   1  5.45756
  44  41   2  -41.19815
  44  41   3  0.6963
  44  41   4  4.38979
  44  41   5  10.43602
  44  33  17  -31.06184
  44  33  18  37.08167
  44  33  19  -15.75284
  44  33  20  8.97599
  44  33  21  22.24548
  44   6  37  -65.20835
  44   6  38  14.12967
  44   6  39  -6.98375
  44   6  40  -8.38903
  44   6  41  1.66404
  44  42   1  -50.94765
  44  42   2  -6.20029
  44  42   3  4.01057
  44  42   4  -5.35696
  44  42   5  1.01228
  44  42   6  -16.59896
  44  34  17  -47.54713
  44  34  18  0.40602
  44  34  19  -0.97564
  44  34  20  -17.64644
  44  34  21  -22.18154
  44  22  29  -46.69868
  44  22  30  -3.48429
  44  22  31  -7.97634
  44  22  32  -11.85088
  44  22  33  -16.60571
  44  22  34  -2.92301
  44   7  37  2.30021
  44   7  38  -33.36257
  44   7  39  -3.49501
  44   7  40  -3.54581
  44   7  41  -9.18426
  44   7  42  11.26153
  44  35  17  -6.9597
  44  35  18  30.61949
  44  35  19  8.88411
  44  35  20  -8.11334
  44  35  21  -5.14971
  44  35  22  -9.20363
  44  45  10  4.28805
  44  14  25  4.681
  44  43   1  2.2348
  44  43   2  -14.88161
  44  43   3  -4.54215
  44  43   4  2.56731
  44  43   5  4.29052
  44  43   6  -2.93516
  44  43   7  -4.91768
  44  26  14  -4.89836
  44  11  45  -4.88556
  44  23  29  21.68031
  44  23  30  4.77934
  44  23  31  21.97921
  44  23  32  7.52003
  44  23  33  22.02287
  44  23  34  -4.85202
  44  23  35  3.80619
  44  46  10  1.08504
  44  46  11  1.55273
  44  27  14  -1.25344
  44   8  37  10.78762
  44   8  38  -19.16688
  44   8  39  16.27317
  44   8  40  -9.0534
  44   8  41  -10.30299
  44   8  42  -3.33007
  44   8  43  -10.02347
  44  15  25  0.58177
  44  15  26  -1.38647
  44  15  27  0.95729
  44  12  45  -0.61748
  44  12  46  4.73781
  44  36  17  18.10547
  44  36  18  -16.99092
  44  36  20  1.45476
  44  36  22  -2.33839
  44  36  23  2.37781
  44   9  37  -12.45648
  44   9  38  6.8704
  44   9  39  11.96391
  44   9  40  -7.8378
  44   9  41  -6.43173
  44  44   1  22.18172
  44  44   2  -0.55987
  44  44   3  13.52635
  44  44   4  7.75701
  44  44   5  -2.55538
  44  44   6  6.85886
  44  44   7  -7.7878
  44  44   8  -12.6185
  44  44   9  -3.44413
  47  25  17  -38.5263
  47  25  18  -157.07487
  47  25  19  9.41575
  47  25  20  11.55251
  47  25  21  -1.76426
  47  25  22  -2.90087
  47  10  37  -18.72118
  47  10  38  -154.16743
  47  10  39  5.52022
  47  10  40  13.23251
  47  10  41  -4.84362
  47  10  42  -1.68173
  47  45   1  39.06338
  47  45   2  215.43987
  47  45   3  13.49633
  47  45   4  9.14551
  47  45   5  -6.26042
  47  45   6  1.79145
  47  45   7  5.24929
  47  14  29  12.17887
  47  14  30  205.78798
  47  14  31  13.63688
  47  14  32  -14.9005
  47  14  33  -8.24755
  47  14  34  12.12863
  47  14  35  -3.53228
  47  43  10  2.30497
  47  26  17  164.04316
  47  26  18  120.91578
  47  26  19  9.39237
  47  26  20  -4.75386
  47  26  21  -7.7906
  47  26  22  6.62922
  47  11  37  184.70687
  47  11  38  174.94681
  47  11  39  10.29049
  47  11  40  5.43845
  47  11  42  5.54213
  47  11  43  10.73554
  47  23  25  -0.9513
  47  23  26  -5.7776
  47  46   1  134.58186
  47  46   2  93.20778
  47  46   3  -7.71428
  47  46   4  -1.3284
  47  46   5  19.9721
  47  46   6  7.81895
  47  46   7  -4.82252
  47  27  17  99.82916
  47  27  18  93.49249
  47  27  19  6.20642
  47  27  20  20.88775
  47  27  21  31.01683
  47  27  22  -19.80793
  47   8  45  -4.28707
  47   8  46  -5.60322
  47  15  29  155.09766
  47  15  30  171.4808
  47  15  31  -11.3479
  47  15  32  20.25166
  47  15  33  10.45674
  47  15  34  2.3006
  47  15  35  2.18399
  47  12  37  13.95013
  47  12  38  -32.03986
  47  12  40  -16.42269
  47  12  41  -4.43317
  47  12  42  15.06423
  47  12  43  -18.03336
  47  36  14  -1.86766
  47  36  15  2.76489
  47   9  45  0.98584
  47   9  46  -4.63611
  47  44  11  1.09946
  47  44  12  -2.67247
  47  47   1  86.597
  47  47   2  154.09399
  47  47   3  -58.6891
  47  47   4  -8.86962
  47  47   5  -33.45988
  47  47   6  6.25994
  47  47   7  -8.08083
  47  47   8  33.70789
  47  47   9  5.52439
  28  25   1  129.14661
  28  25   2  -77.83844
  28  25   3  -2.13335
  28  25   4  -20.01835
  28  25   5  0.48534
  28  25   6  -1.52765
  28  25   7  3.74325
  28  10  29  136.84253
  28  10  30  -72.69138
  28  10  31  -17.33708
  28  10  32  -5.52483
  28  10  33  5.51858
  28  10  34  -3.18682
  28  10  35  -5.52069
  28  45  17  -56.09671
  28  45  18  88.47233
  28  45  19  17.18485
  28  45  20  -13.26431
  28  45  21  7.04656
  28  45  22  -1.51756
  28  14  37  -82.97753
  28  14  38  95.09081
  28  14  39  20.99035
  28  14  40  -8.13266
  28  14  41  9.08858
  28  14  42  -2.98544
  28  43  14  2.79055
  28  26   1  98.57275
  28  26   2  -8.44968
  28  26   3  -19.30882
  28  26   4  18.5428
  28  26   5  6.48918
  28  26   6  1.86374
  28  26   7  5.05667
  28  11  29  108.54613
  28  11  30  2.31342
  28  11  31  6.4545
  28  11  32  36.31549
  28  11  33  5.76781
  28  11  34  -8.64136
  28  11  35  -13.60237
  28  23  45  1.93756
  28  46  17  144.55042
  28  46  18  -92.24306
  28  46  19  22.96235
  28  46  20  -3.99151
  28  46  21  2.71698
  28  46  22  16.68693
  28  46  23  11.07506
  28  27   1  44.95668
  28  27   2  4.83356
  28  27   3  6.54347
  28  27   4  -5.70759
  28  27   5  11.68832
  28  27   6  4.73913
  28  27   7  18.72804
  28   8  25  -1.93075
  28   8  26  -5.54406
  28   8  27  11.49931
  28  15  37  157.17748
  28  15  38  -68.70016
  28  15  39  28.70335
  28  15  40  6.14966
  28  15  41  15.37067
  28  15  42  12.38752
  28  15  43  -13.65707
  28  12  29  42.37916
  28  12  30  -23.52001
  28  12  31  16.9165
  28  12  32  31.61484
  28  12  33  -0.64929
  28  12  34  -10.9232
  28  12  35  27.70336
  28  36  10  -0.90128
  28  36  11  -2.6002
  28  36  12  -6.36574
  28   9  25  -1.1495
  28   9  26  -2.09503
  28   9  27  0.81256
  28  44  14  1.32995
  28  44  15  3.58941
  28  47  17  52.20005
  28  47  18  -5.08039
  28  47  19  -10.63885
  28  47  20  4.28909
  28  47  21  21.92699
  28  47  22  16.42541
  28  47  23  8.6881
  28  28   1  71.63252
  28  28   2  -28.92211
  28  28   3  11.76042
  28  28   4  30.42676
  28  28   5  27.34889
  28  28   6  10.60701
  28  28   7  -30.0133
  28  28   8  17.65612
  28  28   9  12.30834
  16  25  37  -98.97946
  16  25  38  -37.80218
  16  25  39  12.67939
  16  25  40  19.91431
  16  25  41  0.92963
  16  25  42  2.8783
  16  10  17  -100.51624
  16  10  18  -25.17516
  16  10  19  19.59168
  16  10  20  15.35811
  16  10  21  3.09521
  16  10  22  1.48633
  16  45  29  82.27701
  16  45  30  106.51785
  16  45  31  12.17418
  16  45  32  -16.37656
  16  45  33  1.42508
  16  45  34  -1.73623
  16  45  35  -4.51565
  16  14   1  91.99011
  16  14   2  91.73235
  16  14   3  18.78887
  16  14   4  3.19477
  16  14   5  -13.62848
  16  14   6  -5.01196
  16  14   7  3.24502
  16  43  25  -1.21361
  16  26  37  38.9416
  16  26  38  117.97472
  16  26  39  11.08952
  16  26  40  -1.92953
  16  26  41  -20.71046
  16  26  42  5.89999
  16  11  17  66.09695
  16  11  18  139.58012
  16  11  19  6.29723
  16  11  20  17.1148
  16  11  21  0.70854
  16  11  22  -1.50903
  16  23  10  2.96375
  16  23  11  -11.01599
  16  46  29  -32.33212
  16  46  30  100.24135
  16  46  31  -15.68669
  16  46  32  22.63038
  16  46  33  32.84258
  16  46  34  -14.89621
  16  46  35  -1.65892
  16  27  37  32.17146
  16  27  38  74.58503
  16  27  39  3.67925
  16  27  40  26.26578
  16  27  41  6.05214
  16  27  42  -7.08214
  16  27  43  13.48754
  16   8  14  -3.92845
  16  15   1  -8.84133
  16  15   2  144.40178
  16  15   3  -22.33902
  16  15   4  -21.05968
  16  15   5  5.6505
  16  15   6  12.67116
  16  15   7  -7.68403
  16  15   8  -1.82795
  16  12  17  -18.33898
  16  12  18  4.23754
  16  12  19  -38.99111
  16  12  20  -1.26677
  16  12  21  3.28817
  16  12  22  22.3603
  16  12  23  -8.17897
  16  36  45  -2.14451
  16  36  46  -2.1084
  16   9  14  -1.00934
  16   9  15  -8.78037
  16  44  25  2.7042
  16  47  29  17.9491
  16  47  30  102.40895
  16  47  31  -41.87322
  16  47  32  23.21992
  16  47  33  -24.8354
  16  47  34  7.17133
  16  47  35  20.05291
  16  47  36  5.80787
  16  28  37  -12.38972
  16  28  38  33.93264
  16  28  39  -37.58852
  16  28  40  -10.65411
  16  28  41  -7.35863
  16  28  42  29.10559
  16  28  44  3.50449
  16  16   1  30.47982
  16  16   2  52.71129
  16  16   3  -47.76779
  16  16   4  8.67517
  16  16   5  20.80352
  16  16   6  -17.84363
  16  16   7  -25.47551
  16  16   8  17.57703
  16  16   9  15.02458
  24  17   1  -3.5892
  24  37  29  -3.51194
  24  30  37  0.94595
  24  18   1  1.89775
  24  18   2  -2.24888
  24  38  29  2.05344
  24  38  30  -0.84257
  24  39  29  6.84654
  24  39  30  44.32785
  24  19   1  1.06183
  24  19   2  43.99724
  24   3  18  -27.44346
  24   3  19  12.81327
  24  31  37  48.18066
  24  31  38  20.02559
  24  31  39  -11.19731
  24   4  17  70.83342
  24   4  18  45.30943
  24   4  19  -20.98582
  24  40  29  -42.25961
  24  40  30  -8.13917
  24  40  31  6.02727
  24  20   1  -62.00197
  24  20   2  -38.54179
  24  20   3  2.49964
  24  20   4  8.56758
  24   5  17  -9.26527
  24   5  18  2.30404
  24   5  19  -28.33402
  24   5  20  16.05402
  24  32  37  33.17831
  24  32  38  67.39982
  24  32  39  -26.80181
  24  32  40  -5.0378
  24  21   1  28.40956
  24  21   2  72.92962
  24  21   3  1.49563
  24  21   4  5.96985
  24  21   5  27.45404
  24  41  29  51.72139
  24  41  30  79.4767
  24  41  31  4.0925
  24  41  32  -5.3716
  24  33  37  -47.69029
  24  33  38  1.03512
  24  33  39  -10.4057
  24  33  40  11.46454
  24  33  41  6.8105
  24   6  17  1.8502
  24   6  18  81.17675
  24   6  19  0.81593
  24   6  20  10.7353
  24   6  21  1.17544
  24  42  29  -15.90288
  24  42  30  73.48309
  24  42  31  -7.50975
  24  42  32  10.36561
  24  42  33  1.1965
  24  34  37  18.77057
  24  34  38  82.01455
  24  34  39  14.81738
  24  34  40  4.29359
  24  34  41  -6.60976
  24  34  42  -3.40475
  24  22   1  -14.17079
  24  22   2  60.27518
  24  22   3  -10.61458
  24  22   4  -5.55742
  24  22   5  -6.03865
  24  22   6  -1.22091
  24   7  17  52.37126
  24   7  18  42.71524
  24   7  19  19.63044
  24   7  20  5.3984
  24   7  21  -5.74257
  24   7  22  -17.53941
  24  35  37  -39.83076
  24  35  38  -28.70452
  24  35  39  -8.94826
  24  35  40  -15.32878
  24  35  41  -6.30249
  24  35  42  15.30909
  24  45  25  0.98972
  24  14  10  -0.91787
  24  43  29  14.1704
  24  43  30  25.13418
  24  43  31  -1.89676
  24  43  32  10.91164
  24  43  34  -12.42439
  24  26  45  -5.50409
  24  11  14  -2.38045
  24  23   1  6.40073
  24  23   2  -31.42577
  24  23   3  16.50095
  24  23   4  8.02403
  24  23   5  7.13147
  24  23   6  8.35805
  24  23   7  -2.76229
  24  46  25  3.24532
  24  46  26  -3.57672
  24  27  45  -1.39725
  24   8  17  29.04907
  24   8  18  8.71759
  24   8  19  19.56136
  24   8  20  -6.22061
  24   8  21  -9.29187
  24   8  22  -7.52352
  24   8  23  -3.07327
  24  15  10  2.98636
  24  15  11  -1.3832
  24  12  15  -1.54752
  24  36  37  16.63953
  24  36  38  -12.27359
  24  36  39  29.145
  24  36  40  2.51143
  24  36  41  -6.25102
  24  36  42  -19.42162
  24  36  43  -2.33331
  24   9  17  -1.66744
  24   9  18  15.0818
  24   9  19  -10.91624
  24   9  20  -1.7004
  24   9  22  4.48154
  24   9  23  -10.26932
  24  44  29  7.766
  24  44  30  -27.51002
  24  44  31  10.15507
  24  44  32  1.53618
  24  44  33  1.93578
  24  44  35  12.52033
  24  47  26  -1.49316
  24  47  27  3.11285
  24  28  45  -0.9105
  24  28  46  -4.87788
  24  16  11  -3.43918
  24  16  12  -8.05055
  24  24   1  36.87866
  24  24   2  50.90064
  24  24   3  -21.33651
  24  24   4  6.18661
  24  24   5  9.91749
  24  24   6  -13.63083
  24  24   7  -19.68418
  24  24   8  9.60878
  24  24   9  -8.46202
  13  25  29  92.56268
  13  25  30  -125.68363
  13  25  31  -27.75196
  13  25  32  -1.89873
  13  25  33  7.88196
  13  25  34  4.19545
  13  10   1  91.59751
  13  10   2  -128.0701
  13  10   3  -17.24618
  13  10   4  -25.37891
  13  10   5  1.65872
  13  10   6  5.18822
  13  10   7  0.81618
  13  45  37  3.07254
  13  45  38  152.07425
  13  45  39  10.9752
  13  45  40  -23.23058
  13  45  41  5.19536
  13  45  42  -2.23989
  13  14  17  -4.55526
  13  14  18  157.91892
  13  14  19  -3.86379
  13  14  20  -24.30351
  13  14  21  4.54464
  13  14  22  -4.76504
  13  43  45  1.32087
  13  26  29  120.15465
  13  26  30  80.69956
  13  26  31  5.79869
  13  26  32  21.33598
  13  26  33  19.88458
  13  26  34  -6.14679
  13  26  35  -6.82205
  13  11   1  141.4752
  13  11   2  103.10489
  13  11   3  -22.48631
  13  11   4  6.89897
  13  11   5  19.89868
  13  11   6  11.47024
  13  11   7  8.63988
  13  23  14  -3.08133
  13  46  37  168.72031
  13  46  38  -19.26132
  13  46  39  33.48437
  13  46  40  16.85485
  13  46  41  -9.99572
  13  46  42  16.84717
  13  46  43  -13.03224
  13  27  29  59.98231
  13  27  30  64.87438
  13  27  31  -32.63892
  13  27  32  26.25547
  13  27  33  -9.45596
  13  27  35  -12.51933
  13   8  11  1.00562
  13  15  17  194.46599
  13  15  18  3.97848
  13  15  19  36.87738
  13  15  20  15.1018
  13  15  21  9.19822
  13  15  22  19.24298
  13  15  23  1.09056
  13  12   1  36.80121
  13  12   2  -29.57233
  13  12   3  33.35731
  13  12   4  23.48689
  13  12   5  -3.28621
  13  12   6  15.68322
  13  12   7  -24.40531
  13  12   8  -4.50124
  13  36  25  2.2747
  13   9  11  -7.77401
  13   9  12  -1.70895
  13  47  37  87.73824
  13  47  38  62.75529
  13  47  39  -8.05547
  13  47  40  36.97963
  13  47  41  24.0096
  13  47  42  9.07928
  13  47  43  31.86047
  13  47  44  15.73901
  13  28  29  70.88647
  13  28  30  -8.6587
  13  28  31  31.76227
  13  28  33  2.47194
  13  28  34  22.16451
  13  28  35  37.8279
  13  16  17  16.85349
  13  16  18  66.11776
  13  16  19  -1.98632
  13  16  20  24.67246
  13  16  21  24.73913
  13  16  22  -25.16254
  13  16  23  -2.20828
  13  24  15  -6.77258
  13  24  16  6.12686
  13  13   1  76.14977
  13  13   2  31.65105
  13  13   3  16.27905
  13  13   4  17.58721
  13  13   5  -42.7435
  13  13   6  39.10002
  13  13   7  -62.95655
  13  13   8  37.09246
  13  13   9  8.09813
  48  25  17  144.42044
  48  25  18  -112.41434
  48  25  19  -32.6718
  48  25  20  -6.1203
  48  25  21  -7.98226
  48  25  22  -4.46173
  48  10  37  157.63325
  48  10  38  -103.03112
  48  10  39  -27.47328
  48  10  40  -17.21745
  48  10  41  -5.44166
  48  10  42  -5.88816
  48  45   1  -117.35095
  48  45   2  41.91788
  48  45   3  -21.84445
  48  45   4  20.61636
  48  45   5  5.90175
  48  45   6  9.25144
  48  14  29  -145.83264
  48  14  30  45.60038
  48  14  31  1.30444
  48  14  32  26.66963
  48  14  33  0.95127
  48  14  34  6.47136
  48  14  35  2.0445
  48  43  10  0.97764
  48  26  17  86.30621
  48  26  18  -77.15831
  48  26  19  19.30651
  48  26  20  -31.47198
  48  26  21  6.01343
  48  26  22  1.95272
  48  11  37  98.05598
  48  11  38  -75.87329
  48  11  39  13.80872
  48  11  40  -21.80215
  48  11  41  27.04209
  48  11  42  2.49339
  48  11  43  -1.65052
  48  23  25  -4.13154
  48  23  26  3.24804
  48  46   1  193.66463
  48  46   2  -83.20268
  48  46   3  11.5816
  48  46   4  37.64418
  48  46   5  -6.16389
  48  46   6  -6.93503
  48  46   7  4.23624
  48  27  17  34.59019
  48  27  18  -30.73309
  48  27  19  -31.25205
  48  27  20  -5.76495
  48  27  21  23.61622
  48  27  22  4.85593
  48  27  23  8.49729
  48   8  45  1.98252
  48   8  46  -2.107
  48  15  29  192.40991
  48  15  30  -76.44968
  48  15  31  39.54142
  48  15  32  11.3079
  48  15  33  -24.89589
  48  15  34  6.74168
  48  15  35  -4.68294
  48  12  37  49.67243
  48  12  38  -40.28419
  48  12  39  62.98882
  48  12  40  23.60744
  48  12  41  18.17189
  48  12  42  -37.59701
  48  12  43  -7.59484
  48  36  14  2.24399
  48  36  15  -4.03533
  48   9  46  3.02105
  48  44  10  -3.82926
  48  44  11  3.90096
  48  44  12  -6.04601
  48  47   1  48.81337
  48  47   2  -23.86968
  48  47   3  19.51236
  48  47   4  1.31067
  48  47   5  -41.39742
  48  47   6  13.92096
  48  47   7  26.32117
  48  47   8  10.46265
  48  47   9  5.32294
  48  28  17  73.25498
  48  28  18  -67.23648
  48  28  19  65.13052
  48  28  20  -15.25364
  48  28  21  -12.40055
  48  28  22  -15.20581
  48  28  23  29.86027
  48  16  29  -30.78155
  48  16  30  13.27905
  48  16  31  -2.38411
  48  16  32  -61.17398
  48  16  33  9.65004
  48  16  34  54.44003
  48  16  35  -35.93114
  48  16  36  7.76979
  48  24  25  2.19707
  48  24  28  14.37972
  48  13  37  71.16949
  48  13  38  -54.12625
  48  13  39  -13.83483
  48  13  40  17.76492
  48  13  41  35.5951
  48  13  42  22.06231
  48  13  43  -25.17006
  48  13  44  20.43599
  48  48   1  105.50819
  48  48   2  -51.60417
  48  48   3  -55.5463
  48  48   4  59.81837
  48  48   5  54.72918
  48  48   6  -51.5712
  48  48   7  -41.76409
  48  48   8  20.47299
  48  48   9  45.25424
