   1   1   1     -2306.537071
   2   1   1       -15.155423
   2   2   1        13.924127
   2   2   2     -2287.686770
   3   1   1         6.188264
   3   2   1         0.034895
   3   2   2        -2.757309
   3   3   1        -2.623007
   3   3   2         1.943009
   3   3   3     -1890.084725
   4   1   1        21.946858
   4   2   1         0.164726
   4   2   2         2.234189
   4   3   1        -3.051743
   4   3   2        -0.604416
   4   3   3       301.724275
   4   4   1       -17.570716
   4   4   2        -1.306427
   4   4   3      -442.413746
   4   4   4     -1857.277660
   5   1   1        20.778570
   5   2   1         0.363899
   5   2   2        12.018304
   5   3   1        -0.304823
   5   3   2         0.059888
   5   3   3        -0.103009
   5   4   1        -0.813446
   5   4   2        -0.193911
   5   4   3         0.726864
   5   4   4         2.916157
   5   5   1        18.818525
   5   5   2        14.771043
   5   5   3        -0.117294
   5   5   4        -1.369967
   5   5   5      -422.452087
   6   1   1        -5.603971
   6   2   1         0.033060
   6   2   2         6.951430
   6   3   1        -0.093975
   6   3   2        -0.055267
   6   3   3        10.617575
   6   4   1         0.018293
   6   4   2         0.032202
   6   4   3        -6.460671
   6   4   4        -9.751744
   6   5   1         2.320991
   6   5   2       -16.545938
   6   5   3        -0.578162
   6   5   4        -0.660957
   6   5   5       -10.751180
   6   6   1         0.641875
   6   6   2        11.112535
   6   6   3        14.820396
   6   6   4        -0.317240
   6   6   5       -10.536434
   6   6   6      -404.405455
   7   1   1       -13.595494
   7   2   1        -0.048476
   7   2   2         3.861379
   7   3   1         0.133107
   7   3   2         0.127969
   7   3   3        58.938371
   7   4   1         0.071268
   7   4   2         0.071437
   7   4   3         3.380850
   7   4   4        48.475089
   7   5   1        -8.961775
   7   5   2         0.596197
   7   5   3         1.299772
   7   5   4         5.195348
   7   5   5        16.175105
   7   6   1         0.253449
   7   6   2         0.016614
   7   6   3       -30.398793
   7   6   4       -13.448009
   7   6   5        -7.728993
   7   6   6      -116.145803
   7   7   1         0.568025
   7   7   2        -1.272036
   7   7   3        63.220097
   7   7   4        95.521682
   7   7   5         4.900310
   7   7   6      -119.225305
   7   7   7       235.976642
   8   1   1       -14.308209
   8   2   1         0.175966
   8   2   2        -3.151216
   8   3   1         0.671596
   8   3   2         0.236438
   8   3   3        -1.362233
   8   4   1         1.005990
   8   4   2        -0.101164
   8   4   3         4.445155
   8   4   4        19.907739
   8   5   1       -65.002671
   8   5   2        -8.276749
   8   5   3         0.620291
   8   5   4        -0.024946
   8   5   5      -126.680852
   8   6   1        -6.695967
   8   6   2         9.227076
   8   6   3       -20.508461
   8   6   4        14.022993
   8   6   5       -12.272457
   8   6   6       -56.574857
   8   7   1        25.506221
   8   7   2         0.404267
   8   7   3        21.122732
   8   7   4       -54.735474
   8   7   5        26.479211
   8   7   6       -15.712856
   8   7   7        41.863904
   8   8   1       199.589544
   8   8   2         2.387804
   8   8   3        24.038688
   8   8   4         8.213129
   8   8   5       -46.715154
   8   8   6        40.279262
   8   8   7       -83.114487
   8   8   8        62.245935
   9   1   1        30.321601
   9   2   1        -0.037664
   9   2   2         6.304351
   9   3   1        -0.161016
   9   3   2         0.269854
   9   3   3       -13.851118
   9   4   1        -0.689702
   9   4   2        -0.184177
   9   4   3         0.199718
   9   4   4       -17.202610
   9   5   1        49.006872
   9   5   2        14.169537
   9   5   3        -0.527417
   9   5   4        -2.896198
   9   5   5        95.531043
   9   6   1         6.115163
   9   6   2        -8.791764
   9   6   3       -12.794262
   9   6   4        11.372347
   9   6   5       -13.160727
   9   6   6       -91.460928
   9   7   1       -24.141399
   9   7   2        -1.347755
   9   7   3         7.380748
   9   7   4       -54.811490
   9   7   5         8.733107
   9   7   6       -20.497713
   9   7   7         3.006301
   9   8   1      -163.697162
   9   8   2        -9.415472
   9   8   3        19.323573
   9   8   4        24.669647
   9   8   5        49.795094
   9   8   6        27.927755
   9   8   7        -4.938679
   9   8   8       -16.284056
   9   9   1       140.352795
   9   9   2         3.428603
   9   9   3        13.821848
   9   9   4        32.379419
   9   9   5        26.080511
   9   9   6        21.632065
   9   9   7       -14.428771
   9   9   8        -7.089054
   9   9   9       -14.281130
  10   1   1       -16.961686
  10   2   1         0.013852
  10   2   2         3.115893
  10   3   1         0.053992
  10   3   2        -0.306181
  10   3   3        -4.338424
  10   4   1         1.655994
  10   4   2         0.208403
  10   4   3        -6.087408
  10   4   4       -24.523682
  10   5   1       -11.425123
  10   5   2       -27.049447
  10   5   3         0.519214
  10   5   4         2.925315
  10   5   5       -59.090627
  10   6   1        -1.479201
  10   6   2        27.526857
  10   6   3        32.645216
  10   6   4       -18.539409
  10   6   5        -8.070123
  10   6   6        73.336481
  10   7   1         2.568584
  10   7   2         0.500741
  10   7   3       -38.383057
  10   7   4        85.587643
  10   7   5        15.625322
  10   7   6        49.051182
  10   7   7       -74.273479
  10   8   1        29.658692
  10   8   2        13.810541
  10   8   3       -55.225025
  10   8   4       -30.805676
  10   8   5         8.075710
  10   8   6        10.598017
  10   8   7         6.839457
  10   8   8       -19.429556
  10   9   1       -26.172099
  10   9   2       -25.996737
  10   9   3       -38.354210
  10   9   4       -50.478224
  10   9   5        52.844145
  10   9   6        15.839896
  10   9   7         5.914681
  10   9   8        10.723886
  10   9   9        -1.386693
  10  10   1         2.042155
  10  10   2        53.955665
  10  10   3       106.411785
  10  10   4        70.583279
  10  10   5        36.305327
  10  10   6       -14.555422
  10  10   7        21.088928
  10  10   8       -13.265620
  10  10   9        -8.249013
  10  10  10       -12.635168
  11   1   1        15.561469
  11   2   1         0.444971
  11   2   2        -3.219552
  11   3   1        -0.164106
  11   3   2        -0.245614
  11   3   3         3.163106
  11   4   1        -0.925667
  11   4   2         0.177050
  11   4   3         2.724950
  11   4   4         8.544252
  11   5   1        30.535792
  11   5   2       -74.796384
  11   5   3        -0.227900
  11   5   4        -1.596970
  11   5   5       -89.212396
  11   6   1         2.861381
  11   6   2        69.026648
  11   6   3       -13.916539
  11   6   4         6.667349
  11   6   5         4.235418
  11   6   6        71.836078
  11   7   1       -12.780691
  11   7   2         2.600715
  11   7   3        17.992747
  11   7   4       -29.587622
  11   7   5       -11.180246
  11   7   6         8.171060
  11   7   7        61.544711
  11   8   1       -93.110829
  11   8   2        38.645278
  11   8   3        22.338170
  11   8   4        12.745758
  11   8   5       -37.155094
  11   8   6        24.877705
  11   8   7        21.469232
  11   8   8       -13.109362
  11   9   1        79.665884
  11   9   2       -56.986215
  11   9   3        14.946485
  11   9   4        19.267097
  11   9   5       -32.644604
  11   9   6        45.411923
  11   9   7        -1.757535
  11   9   8        11.656929
  11   9   9       -24.129282
  11  10   1       -14.123565
  11  10   2       145.983323
  11  10   3       -42.116652
  11  10   4       -28.727772
  11  10   5       -59.312787
  11  10   6         1.824870
  11  10   7       -21.859459
  11  10   8        20.168000
  11  10   9        10.033494
  11  10  10        33.365578
  11  11   1        39.251760
  11  11   2       371.470589
  11  11   3        16.028633
  11  11   4        11.205958
  11  11   5        -0.537693
  11  11   6       -21.028055
  11  11   7        14.714440
  11  11   8        12.153442
  11  11   9        46.068862
  11  11  10        24.233987
  11  11  11        -0.664851
  12   1   1        -8.696501
  12   2   1        -0.076912
  12   2   2         2.132978
  12   3   1        -0.540623
  12   3   2         0.001896
  12   3   3        -3.592088
  12   4   1        -1.330170
  12   4   2        -0.084703
  12   4   3         3.041950
  12   4   4         4.759481
  12   5   1        -9.072633
  12   5   2        12.257187
  12   5   3         0.007136
  12   5   4         0.506759
  12   5   5       -11.422326
  12   6   1        -0.349353
  12   6   2       -11.528529
  12   6   3        28.782075
  12   6   4        -6.938844
  12   6   5         0.964678
  12   6   6       -19.417908
  12   7   1         6.675442
  12   7   2        -0.717801
  12   7   3       -41.880958
  12   7   4        13.079049
  12   7   5       -19.021570
  12   7   6        -2.876857
  12   7   7        12.193007
  12   8   1        33.097699
  12   8   2        -8.073420
  12   8   3       -49.963057
  12   8   4         9.581483
  12   8   5       -21.295580
  12   8   6        38.962308
  12   8   7        29.482509
  12   8   8       -20.553727
  12   9   1       -33.872715
  12   9   2        10.530685
  12   9   3       -27.262967
  12   9   4         7.426345
  12   9   5       -48.701993
  12   9   6        46.329379
  12   9   7         3.354697
  12   9   8         9.450786
  12   9   9         0.064914
  12  10   1         6.693631
  12  10   2       -34.565244
  12  10   3        94.776036
  12  10   4       -22.934357
  12  10   5       -51.139003
  12  10   6        18.492357
  12  10   7       -11.391901
  12  10   8        22.172952
  12  10   9        12.237213
  12  10  10        11.135970
  12  11   1       -18.510904
  12  11   2       -83.124146
  12  11   3       -34.734230
  12  11   4         9.498347
  12  11   5        30.135776
  12  11   6        28.323776
  12  11   7        10.675881
  12  11   8        10.945689
  12  11   9         8.651834
  12  11  10         6.045154
  12  11  11        13.152024
  12  12   1         8.038098
  12  12   2        24.236133
  12  12   3       113.909141
  12  12   4       -20.774023
  12  12   5        36.760510
  12  12   6        60.632999
  12  12   7         5.345592
  12  12   8        34.313901
  12  12   9        29.026797
  12  12  10         5.789143
  12  12  11        13.352847
  12  12  12        51.346272
  13   1   1        28.455887
  13   2   1        -0.064918
  13   2   2        -6.597963
  13   3   1         0.684440
  13   3   2         0.288515
  13   3   3         1.186938
  13   4   1         3.164990
  13   4   2        -0.023692
  13   4   3        -0.901450
  13   4   4        -0.916409
  13   5   1        50.053327
  13   5   2         6.735007
  13   5   3         0.341569
  13   5   4         3.048865
  13   5   5         1.459349
  13   6   1         6.369947
  13   6   2        -7.570754
  13   6   3       -25.334645
  13   6   4        -9.972998
  13   6   5         3.114698
  13   6   6       -32.102711
  13   7   1       -25.321255
  13   7   2        -0.336592
  13   7   3        49.632637
  13   7   4        92.419542
  13   7   5        -7.275762
  13   7   6        -4.817522
  13   7   7        17.309567
  13   8   1      -163.193821
  13   8   2        -5.913093
  13   8   3        21.151081
  13   8   4       -56.253168
  13   8   5       -18.472153
  13   8   6        23.132243
  13   8   7       -26.500347
  13   8   8        57.076882
  13   9   1       146.806896
  13   9   2         9.427603
  13   9   3         0.602243
  13   9   4       -84.628425
  13   9   5       -46.274376
  13   9   6        26.090252
  13   9   7       -26.882157
  13   9   8       -16.455381
  13   9   9       -12.991528
  13  10   1       -20.903791
  13  10   2       -22.097068
  13  10   3       -34.891639
  13  10   4       133.368603
  13  10   5       -31.113694
  13  10   6         9.604397
  13  10   7        15.222719
  13  10   8        19.878200
  13  10   9       -18.119294
  13  10  10        -9.578771
  13  11   1        78.330196
  13  11   2       -56.135794
  13  11   3        11.747307
  13  11   4       -56.050745
  13  11   5        36.218784
  13  11   6        15.995937
  13  11   7         0.566575
  13  11   8       -15.631867
  13  11   9        26.321344
  13  11  10         7.634997
  13  11  11        -8.595164
  13  12   1       -40.142143
  13  12   2        17.798998
  13  12   3       -68.671077
  13  12   4         6.295711
  13  12   5        35.332698
  13  12   6        25.584834
  13  12   7        22.352614
  13  12   8         0.389027
  13  12   9        43.044671
  13  12  10        29.130794
  13  12  11         2.111823
  13  12  12        23.141288
  13  13   1       156.034069
  13  13   2        12.370554
  13  13   3        72.512646
  13  13   4       154.128421
  13  13   5        23.449105
  13  13   6        12.669973
  13  13   7        -5.207396
  13  13   8        22.620459
  13  13   9        37.105320
  13  13  10        48.382219
  13  13  11       -20.175830
  13  13  12       -25.735283
  13  13  13        42.046119
  14   1   1       -28.973911
  14   2   1        -0.075633
  14   2   2         4.046423
  14   3   1        -0.154814
  14   3   2         0.396330
  14   3   3       -32.156740
  14   4   1        -1.611669
  14   4   2        -0.094863
  14   4   3         0.669913
  14   4   4       -20.398964
  14   5   1       -25.324599
  14   5   2        -2.527704
  14   5   3         0.081627
  14   5   4         1.809589
  14   5   5        10.191451
  14   6   1        -2.460411
  14   6   2         3.792268
  14   6   3       -41.722359
  14   6   4         4.375591
  14   6   5        -0.846360
  14   6   6       -38.464971
  14   7   1        13.824840
  14   7   2        -0.536261
  14   7   3        58.161057
  14   7   4        23.052335
  14   7   5       -15.686184
  14   7   6        36.239159
  14   7   7      -158.087364
  14   8   1        84.541602
  14   8   2         1.005493
  14   8   3        59.203927
  14   8   4       -35.741775
  14   8   5         7.311897
  14   8   6        12.173887
  14   8   7        42.674936
  14   8   8       -75.148118
  14   9   1       -84.436769
  14   9   2        -4.604372
  14   9   3        29.542705
  14   9   4       -34.973027
  14   9   5       -12.123634
  14   9   6        14.805207
  14   9   7         6.915873
  14   9   8        15.090674
  14   9   9         4.099164
  14  10   1        11.460973
  14  10   2         3.651723
  14  10   3      -115.091171
  14  10   4        73.064434
  14  10   5       -14.407136
  14  10   6        -0.353099
  14  10   7        29.220752
  14  10   8        33.812141
  14  10   9        30.812587
  14  10  10         0.413353
  14  11   1       -43.624027
  14  11   2        11.854722
  14  11   3        41.115426
  14  11   4       -28.480057
  14  11   5        -2.182924
  14  11   6        25.520576
  14  11   7       -30.140964
  14  11   8        14.646713
  14  11   9       -11.954039
  14  11  10        12.534851
  14  11  11         6.414487
  14  12   1        25.787930
  14  12   2        -2.314891
  14  12   3      -151.962861
  14  12   4        27.599212
  14  12   5         0.251631
  14  12   6        33.219975
  14  12   7       -44.364081
  14  12   8        44.860044
  14  12   9         7.016010
  14  12  10       -10.705642
  14  12  11         6.219946
  14  12  12        23.878663
  14  13   1       -89.877263
  14  13   2        -1.569419
  14  13   3        99.799617
  14  13   4        42.614547
  14  13   5        11.533667
  14  13   6         7.765786
  14  13   7        29.016715
  14  13   8       -26.478727
  14  13   9        -0.048120
  14  13  10         3.813073
  14  13  11        11.180730
  14  13  12        52.556988
  14  13  13       -40.224056
  14  14   1        56.457135
  14  14   2        -0.725805
  14  14   3       200.916970
  14  14   4       -10.129965
  14  14   5        -8.973887
  14  14   6         3.260815
  14  14   7        -9.538164
  14  14   8        48.214577
  14  14   9         4.705336
  14  14  10       -18.128076
  14  14  11         6.782875
  14  14  12         9.420831
  14  14  13        26.438478
  14  14  14       -94.070704
  15   1   1        10.878072
  15   2   1        -0.221734
  15   2   2         8.472250
  15   3   1        -0.005620
  15   3   2        -0.083941
  15   3   3        10.738072
  15   4   1         0.900169
  15   4   2         0.271450
  15   4   3         0.587267
  15   4   4        12.566556
  15   5   1        -2.488805
  15   5   2        -1.745748
  15   5   3        -0.285738
  15   5   4        -0.558629
  15   5   5         5.237725
  15   6   1        -1.683394
  15   6   2         7.558303
  15   6   3        -9.042614
  15   6   4        -4.238779
  15   6   5        -6.423869
  15   6   6       -17.396466
  15   7   1         8.278612
  15   7   2         0.245168
  15   7   3        16.462433
  15   7   4        25.362976
  15   7   5        -1.930570
  15   7   6       -20.847746
  15   7   7        13.238008
  15   8   1        21.271094
  15   8   2         0.927633
  15   8   3        18.829372
  15   8   4        -8.551697
  15   8   5       -32.109080
  15   8   6        -7.983695
  15   8   7        11.146853
  15   8   8        47.554437
  15   9   1       -18.169386
  15   9   2        -8.694328
  15   9   3         6.836464
  15   9   4       -19.669363
  15   9   5        11.596688
  15   9   6       -11.180654
  15   9   7         8.318961
  15   9   8         4.664683
  15   9   9        44.837122
  15  10   1         6.027109
  15  10   2         8.261041
  15  10   3       -25.248420
  15  10   4        32.358749
  15  10   5       -17.938655
  15  10   6        17.426337
  15  10   7         1.841645
  15  10   8        13.953233
  15  10   9        27.529294
  15  10  10        31.398878
  15  11   1       -11.861899
  15  11   2        28.874795
  15  11   3         8.833264
  15  11   4       -13.364702
  15  11   5       -12.485027
  15  11   6        16.402127
  15  11   7         3.374719
  15  11   8        -7.250261
  15  11   9        -6.054370
  15  11  10        -1.616220
  15  11  11        40.049611
  15  12   1         4.010376
  15  12   2        -8.618239
  15  12   3       -35.914088
  15  12   4         4.357148
  15  12   5         2.769840
  15  12   6        10.188809
  15  12   7        -0.780051
  15  12   8        -1.925481
  15  12   9       -15.517960
  15  12  10       -15.585484
  15  12  11        10.473579
  15  12  12        68.366222
  15  13   1       -21.350931
  15  13   2        -5.068108
  15  13   3        30.528559
  15  13   4        37.891274
  15  13   5        -3.889310
  15  13   6         2.866225
  15  13   7        -7.118808
  15  13   8         4.831477
  15  13   9        10.369632
  15  13  10       -20.245449
  15  13  11        18.498141
  15  13  12        20.678688
  15  13  13        27.807023
  15  14   1        14.530326
  15  14   2        -0.522244
  15  14   3        48.954178
  15  14   4        -0.802248
  15  14   5         8.711102
  15  14   6         3.861914
  15  14   7        -1.178979
  15  14   8       -13.922458
  15  14   9       -10.735549
  15  14  10       -13.026252
  15  14  11         8.097084
  15  14  12        20.910674
  15  14  13       -13.138607
  15  14  14        39.910263
  15  15   1        -2.707032
  15  15   2        -2.339370
  15  15   3         9.057413
  15  15   4         4.783012
  15  15   5        13.689736
  15  15   6         2.116449
  15  15   7        -3.153980
  15  15   8        -3.863288
  15  15   9        -1.854121
  15  15  10       -11.077186
  15  15  11         5.134564
  15  15  12         7.161388
  15  15  13       -13.293627
  15  15  14         6.328397
  15  15  15        42.700669
  16   1   1        13.475549
  16   2   1         0.347861
  16   2   2         4.535594
  16   3   1         0.198039
  16   3   2        -0.101662
  16   3   3       -13.790672
  16   4   1         0.655287
  16   4   2         0.026875
  16   4   3         2.494375
  16   4   4        -1.328770
  16   5   1         5.619183
  16   5   2       -30.209263
  16   5   3         0.131001
  16   5   4         1.749279
  16   5   5        70.884953
  16   6   1         0.468218
  16   6   2        28.127519
  16   6   3         2.327391
  16   6   4        -6.906987
  16   6   5         1.303041
  16   6   6       -56.884793
  16   7   1        -0.050534
  16   7   2         2.412522
  16   7   3         0.497619
  16   7   4        49.575875
  16   7   5        -6.605576
  16   7   6         1.428429
  16   7   7        -2.017099
  16   8   1        -7.710826
  16   8   2        17.318726
  16   8   3       -21.703578
  16   8   4       -23.974910
  16   8   5        -8.710678
  16   8   6        20.392553
  16   8   7       -14.471293
  16   8   8        14.266854
  16   9   1         4.729749
  16   9   2       -25.330479
  16   9   3       -16.462080
  16   9   4       -41.567545
  16   9   5        -9.030810
  16   9   6        18.173661
  16   9   7        -2.122563
  16   9   8       -28.584578
  16   9   9        14.764725
  16  10   1         0.166132
  16  10   2        74.561155
  16  10   3        42.920631
  16  10   4        59.075312
  16  10   5       -15.621200
  16  10   6       -17.569481
  16  10   7        28.417837
  16  10   8        29.143165
  16  10   9        36.615523
  16  10  10        36.047030
  16  11   1         0.439029
  16  11   2       180.651332
  16  11   3       -15.729966
  16  11   4       -25.780513
  16  11   5        11.883048
  16  11   6         8.047355
  16  11   7       -13.308622
  16  11   8       -32.664165
  16  11   9       -33.871283
  16  11  10       -27.782624
  16  11  11         8.133678
  16  12   1        -1.147956
  16  12   2       -52.608459
  16  12   3        36.879567
  16  12   4       -11.903081
  16  12   5        22.788588
  16  12   6        20.754595
  16  12   7       -10.957208
  16  12   8       -63.292736
  16  12   9       -87.626366
  16  12  10       -59.833728
  16  12  11         9.110885
  16  12  12       -34.428925
  16  13   1         4.624874
  16  13   2       -37.363499
  16  13   3        -4.413568
  16  13   4        89.525022
  16  13   5         4.796404
  16  13   6        15.339343
  16  13   7       -14.420905
  16  13   8       -22.841739
  16  13   9       -45.626103
  16  13  10       -13.493668
  16  13  11         0.272307
  16  13  12       -15.483201
  16  13  13        27.093340
  16  14   1         0.054245
  16  14   2         4.670276
  16  14   3       -43.557713
  16  14   4        40.522434
  16  14   5        13.409259
  16  14   6         5.124461
  16  14   7         4.743714
  16  14   8       -32.271032
  16  14   9       -24.469319
  16  14  10       -18.563789
  16  14  11         3.791681
  16  14  12         7.589757
  16  14  13       -18.747259
  16  14  14         2.830087
  16  15   1        -0.794596
  16  15   2        17.695499
  16  15   3        -4.758660
  16  15   4        23.734398
  16  15   5        24.609569
  16  15   6       -14.631708
  16  15   7         6.495129
  16  15   8       -12.859261
  16  15   9        -5.036946
  16  15  10       -16.802161
  16  15  11         9.193296
  16  15  12         2.069909
  16  15  13       -24.166208
  16  15  14         1.484316
  16  15  15         9.616402
  16  16   1         0.383465
  16  16   2       103.295113
  16  16   3        21.280488
  16  16   4        39.937375
  16  16   5        18.356571
  16  16   6        32.618102
  16  16   7       -23.347940
  16  16   8       -33.122063
  16  16   9       -25.209632
  16  16  10        -5.837475
  16  16  11        -1.540327
  16  16  12         8.099299
  16  16  13         4.761599
  16  16  14        25.893140
  16  16  15        51.769387
  16  16  16       -15.347427
  17   1   1       -16.098210
  17   2   1        -0.052234
  17   2   2       -18.139743
  17   3   1        -0.112362
  17   3   2        -0.041996
  17   3   3       -23.910941
  17   4   1         0.007430
  17   4   2        -0.059172
  17   4   3         1.494443
  17   4   4       -16.165932
  17   5   1        -6.477908
  17   5   2        -2.270894
  17   5   3        -0.268758
  17   5   4        -0.482163
  17   5   5       -84.129978
  17   6   1        -0.668441
  17   6   2         0.551120
  17   6   3        -9.439450
  17   6   4        -0.747052
  17   6   5         0.374306
  17   6   6       -92.007092
  17   7   1         5.823533
  17   7   2        -0.118987
  17   7   3         5.077892
  17   7   4        11.142379
  17   7   5        -1.007562
  17   7   6        -0.719573
  17   7   7       -68.665753
  17   8   1        14.955566
  17   8   2         0.976900
  17   8   3        12.018620
  17   8   4        -5.504992
  17   8   5         1.111736
  17   8   6         6.885265
  17   8   7         9.889027
  17   8   8       -76.328151
  17   9   1       -12.802508
  17   9   2        -0.697062
  17   9   3         6.196679
  17   9   4        -9.036531
  17   9   5        13.326844
  17   9   6        15.973061
  17   9   7       -17.700062
  17   9   8       -37.298933
  17   9   9       -62.100797
  17  10   1         4.617559
  17  10   2         4.300665
  17  10   3       -13.222681
  17  10   4        15.432621
  17  10   5         8.272849
  17  10   6         3.222806
  17  10   7        -1.626289
  17  10   8       -18.767930
  17  10   9       -14.636586
  17  10  10       -55.009239
  17  11   1        -8.198209
  17  11   2         9.099079
  17  11   3         4.797515
  17  11   4        -6.513124
  17  11   5        -3.716466
  17  11   6         6.550658
  17  11   7        -1.516911
  17  11   8        -2.602280
  17  11   9         8.175857
  17  11  10        14.791785
  17  11  11       -47.629756
  17  12   1         2.546878
  17  12   2        -2.294840
  17  12   3       -15.925136
  17  12   4         1.671034
  17  12   5        -4.015757
  17  12   6        11.034127
  17  12   7        -7.399253
  17  12   8        -4.123223
  17  12   9       -13.241642
  17  12  10        26.903016
  17  12  11       -46.435514
  17  12  12       -89.178165
  17  13   1       -14.815984
  17  13   2        -1.946197
  17  13   3        15.344476
  17  13   4        14.790384
  17  13   5        10.629268
  17  13   6        -1.875269
  17  13   7         8.877062
  17  13   8       -25.074041
  17  13   9        11.608451
  17  13  10         1.792583
  17  13  11       -14.805848
  17  13  12       -36.098217
  17  13  13       -44.448545
  17  14   1         8.582277
  17  14   2         0.594941
  17  14   3        24.734226
  17  14   4         1.436640
  17  14   5        -6.935745
  17  14   6         2.601952
  17  14   7        -2.312911
  17  14   8        21.018942
  17  14   9       -10.373442
  17  14  10         1.919211
  17  14  11       -15.564619
  17  14  12       -36.741747
  17  14  13        -9.221827
  17  14  14       -23.635976
  17  15   1        -1.447862
  17  15   2         1.148933
  17  15   3         2.404209
  17  15   4        -0.701805
  17  15   5       -16.708535
  17  15   6       -12.531763
  17  15   7         3.012015
  17  15   8         5.738132
  17  15   9         6.025862
  17  15  10         8.058905
  17  15  11        -2.215385
  17  15  12        -9.452229
  17  15  13        -4.107764
  17  15  14        -4.857288
  17  15  15       -32.425774
  17  16   1        -3.336424
  17  16   2         5.061796
  17  16   3         2.048758
  17  16   4         8.914208
  17  16   5       -21.701372
  17  16   6        28.196233
  17  16   7         6.505776
  17  16   8        -1.384543
  17  16   9       -12.781642
  17  16  10        28.667402
  17  16  11         2.199583
  17  16  12       -10.331419
  17  16  13        -5.675323
  17  16  14       -10.767429
  17  16  15        -6.233331
  17  16  16       -74.584934
  17  17   1         3.192061
  17  17   2         1.953512
  17  17   3         6.008518
  17  17   4        -1.113232
  17  17   5        12.393706
  17  17   6        26.044979
  17  17   7       -12.738231
  17  17   8       -21.783260
  17  17   9       -22.349660
  17  17  10        -4.009472
  17  17  11         0.283007
  17  17  12        -2.784314
  17  17  13        -2.008751
  17  17  14        -2.039134
  17  17  15        22.482417
  17  17  16       -10.278714
  17  17  17       -70.634963
  18   1   1        -1.400722
  18   2   1        -0.176579
  18   2   2        -4.006310
  18   3   1        -0.034536
  18   3   2         0.046611
  18   3   3         2.825718
  18   4   1        -0.102130
  18   4   2         0.103417
  18   4   3        -0.609158
  18   4   4        -1.750408
  18   5   1        33.447442
  18   5   2        -3.068690
  18   5   3        -0.291753
  18   5   4         0.024370
  18   5   5       -39.672331
  18   6   1         4.215038
  18   6   2         4.023836
  18   6   3        -3.298010
  18   6   4         1.856886
  18   6   5        -0.455730
  18   6   6        10.833266
  18   7   1       -18.058472
  18   7   2         0.062047
  18   7   3         8.301150
  18   7   4        -8.238756
  18   7   5        -4.342214
  18   7   6        -1.240747
  18   7   7        10.824981
  18   8   1      -108.476943
  18   8   2         0.724786
  18   8   3         6.889196
  18   8   4         0.475672
  18   8   5        -4.784110
  18   8   6        -8.436335
  18   8   7        15.962866
  18   8   8       -32.519571
  18   9   1       101.364757
  18   9   2        -5.466609
  18   9   3         3.574798
  18   9   4         6.842507
  18   9   5       -11.256355
  18   9   6        -6.735777
  18   9   7        -2.352390
  18   9   8         3.888686
  18   9   9        -2.999651
  18  10   1       -12.844304
  18  10   2         7.477440
  18  10   3       -20.126803
  18  10   4        -8.292542
  18  10   5       -17.060869
  18  10   6         2.775624
  18  10   7       -11.294905
  18  10   8       -14.797882
  18  10   9       -20.824152
  18  10  10       -13.102264
  18  11   1        51.552559
  18  11   2        24.461602
  18  11   3         7.476831
  18  11   4         4.041782
  18  11   5         1.315301
  18  11   6        -6.825256
  18  11   7         5.113124
  18  11   8         6.516911
  18  11   9        10.893319
  18  11  10         2.325551
  18  11  11        -4.938325
  18  12   1       -27.289393
  18  12   2        -7.231994
  18  12   3       -22.299572
  18  12   4         6.955714
  18  12   5        15.647142
  18  12   6       -15.719574
  18  12   7         4.140438
  18  12   8        25.079964
  18  12   9        17.732628
  18  12  10        -2.805631
  18  12  11       -17.309049
  18  12  12       -20.601520
  18  13   1        99.852987
  18  13   2        -3.302554
  18  13   3         6.977016
  18  13   4       -22.751977
  18  13   5        16.568795
  18  13   6        -6.622580
  18  13   7         9.215715
  18  13   8        -8.852377
  18  13   9        11.822090
  18  13  10         9.025399
  18  13  11       -11.936368
  18  13  12        -3.903845
  18  13  13        -2.609823
  18  14   1       -59.260199
  18  14   2        -0.413315
  18  14   3        25.589749
  18  14   4        -7.853667
  18  14   5         0.076404
  18  14   6        -5.068278
  18  14   7       -16.378381
  18  14   8        29.349304
  18  14   9        -0.958308
  18  14  10         2.133336
  18  14  11       -10.184716
  18  14  12       -14.403700
  18  14  13         5.108691
  18  14  14       -29.500972
  18  15   1       -15.094744
  18  15   2        -0.310469
  18  15   3         6.692657
  18  15   4        -4.769356
  18  15   5        -3.604637
  18  15   6         2.603590
  18  15   7        -1.358889
  18  15   8        -2.197266
  18  15   9        -4.688370
  18  15  10         4.608958
  18  15  11        -0.046799
  18  15  12        -8.303085
  18  15  13         3.377938
  18  15  14        -0.134253
  18  15  15        -3.234749
  18  16   1        -0.526757
  18  16   2        13.654732
  18  16   3       -11.864616
  18  16   4        -8.141836
  18  16   5         2.216403
  18  16   6        -9.233456
  18  16   7         5.171693
  18  16   8        21.960120
  18  16   9        14.359490
  18  16  10        11.787333
  18  16  11        14.944568
  18  16  12        10.537611
  18  16  13         8.199854
  18  16  14         5.110294
  18  16  15        -1.161550
  18  16  16         4.933813
  18  17   1        -5.542898
  18  17   2         1.307112
  18  17   3         0.361282
  18  17   4        -0.459422
  18  17   5        -2.287492
  18  17   6        -6.117898
  18  17   7        -4.844482
  18  17   8        13.035730
  18  17   9        16.516494
  18  17  10        -6.487356
  18  17  11         7.089415
  18  17  12        14.384938
  18  17  13        17.065611
  18  17  14         6.153054
  18  17  15         1.867545
  18  17  16        17.409115
  18  17  17         0.169797
  18  18   1        65.024546
  18  18   2         2.044541
  18  18   3         5.617978
  18  18   4         0.554584
  18  18   5        18.450118
  18  18   6         7.024548
  18  18   7         1.135514
  18  18   8        -4.586045
  18  18   9        -3.097634
  18  18  10         2.541457
  18  18  11        10.062496
  18  18  12         3.890158
  18  18  13        -4.576363
  18  18  14        -0.314291
  18  18  15        -1.722388
  18  18  16        -7.534015
  18  18  17       -17.778083
  18  18  18        -2.729558
  19   1   1        -2.753393
  19   2   1        -0.248594
  19   2   2        -9.329487
  19   3   1         0.075665
  19   3   2        -0.104111
  19   3   3        -6.759792
  19   4   1         0.267718
  19   4   2         0.184579
  19   4   3        -0.254074
  19   4   4        -5.066679
  19   5   1        10.017547
  19   5   2        14.327364
  19   5   3         0.034990
  19   5   4         0.276282
  19   5   5       -23.203959
  19   6   1         0.815750
  19   6   2       -12.594499
  19   6   3        22.445684
  19   6   4        -4.592937
  19   6   5        -0.342800
  19   6   6       -26.236019
  19   7   1        -5.466558
  19   7   2        -1.530503
  19   7   3       -28.035561
  19   7   4        11.712911
  19   7   5        -1.212674
  19   7   6        -0.869934
  19   7   7       -18.699658
  19   8   1       -26.812549
  19   8   2        -8.611550
  19   8   3       -39.988499
  19   8   4        -0.651197
  19   8   5        -9.219184
  19   8   6       -15.392990
  19   8   7       -17.735909
  19   8   8        -3.462146
  19   9   1        24.127661
  19   9   2         7.254209
  19   9   3       -21.209854
  19   9   4        -7.029002
  19   9   5        -1.578616
  19   9   6       -17.755813
  19   9   7       -15.070341
  19   9   8       -10.424630
  19   9   9       -27.838997
  19  10   1        -3.966420
  19  10   2       -33.928912
  19  10   3        75.712067
  19  10   4         3.861418
  19  10   5        -8.545763
  19  10   6        -7.427899
  19  10   7        13.654760
  19  10   8         0.260773
  19  10   9       -13.255712
  19  10  10        -2.136861
  19  11   1        13.411922
  19  11   2       -74.223774
  19  11   3       -27.045503
  19  11   4        -3.015560
  19  11   5         5.443915
  19  11   6        -5.579890
  19  11   7        -4.480828
  19  11   8       -14.629148
  19  11   9         4.335328
  19  11  10        -0.597492
  19  11  11       -14.582495
  19  12   1        -5.844687
  19  12   2        20.367271
  19  12   3        85.035868
  19  12   4       -18.031442
  19  12   5        11.281986
  19  12   6       -37.565896
  19  12   7       -11.362299
  19  12   8       -29.720758
  19  12   9       -11.439191
  19  12  10       -11.874468
  19  12  11       -31.626250
  19  12  12       -45.632358
  19  13   1        25.111713
  19  13   2        15.743747
  19  13   3       -44.908313
  19  13   4        29.249785
  19  13   5         6.924595
  19  13   6       -19.136478
  19  13   7        -9.146772
  19  13   8        -7.655730
  19  13   9        -4.776165
  19  13  10         8.942683
  19  13  11       -28.160426
  19  13  12       -30.725868
  19  13  13         0.779548
  19  14   1       -14.383422
  19  14   2        -2.883384
  19  14   3      -103.946749
  19  14   4        30.855052
  19  14   5         3.561064
  19  14   6       -16.970602
  19  14   7        12.960668
  19  14   8       -14.033802
  19  14   9       -10.724595
  19  14  10       -10.484626
  19  14  11        -3.366041
  19  14  12        -9.418139
  19  14  13        -3.648957
  19  14  14       -11.936842
  19  15   1        -2.810756
  19  15   2        -9.855629
  19  15   3       -22.193633
  19  15   4        11.693019
  19  15   5         0.853445
  19  15   6       -10.188630
  19  15   7         3.245511
  19  15   8        -9.336372
  19  15   9       -12.275824
  19  15  10       -11.553484
  19  15  11         3.153534
  19  15  12        -0.877725
  19  15  13        -1.216432
  19  15  14        -2.927614
  19  15  15        -0.448163
  19  16   1         1.678001
  19  16   2       -38.749746
  19  16   3        27.866148
  19  16   4         3.908521
  19  16   5         2.423423
  19  16   6         6.313878
  19  16   7       -19.782665
  19  16   8         1.697615
  19  16   9        -7.110270
  19  16  10         9.745540
  19  16  11        22.282239
  19  16  12        11.696873
  19  16  13        13.912559
  19  16  14        13.777156
  19  16  15        11.671838
  19  16  16         3.194051
  19  17   1        -1.783510
  19  17   2        -0.692320
  19  17   3        -7.321633
  19  17   4         5.041683
  19  17   5        -3.308617
  19  17   6        -3.752076
  19  17   7         9.739761
  19  17   8         6.425228
  19  17   9        11.122070
  19  17  10        12.797411
  19  17  11         1.219598
  19  17  12         3.631303
  19  17  13        -2.890366
  19  17  14        -1.893233
  19  17  15        -1.421967
  19  17  16        -9.482913
  19  17  17        -3.827368
  19  18   1        14.204963
  19  18   2        -4.597081
  19  18   3       -15.761099
  19  18   4         0.284802
  19  18   5        -7.373888
  19  18   6        -2.329614
  19  18   7         2.318600
  19  18   8         0.499891
  19  18   9         2.502237
  19  18  10         2.993770
  19  18  11         3.944287
  19  18  12         4.912989
  19  18  13         0.407941
  19  18  14        -0.334239
  19  18  15         5.934812
  19  18  16        -5.871095
  19  18  17        -3.099152
  19  18  18        -2.590650
  19  19   1         2.178566
  19  19   2        16.170963
  19  19   3        54.104850
  19  19   4        -9.164862
  19  19   5         3.323168
  19  19   6        43.662151
  19  19   7        -9.514907
  19  19   8         8.301492
  19  19   9        10.240258
  19  19  10         2.042776
  19  19  11        -8.487694
  19  19  12         8.795453
  19  19  13        11.067541
  19  19  14        10.257083
  19  19  15         5.179801
  19  19  16         2.868041
  19  19  17        -9.337516
  19  19  18        -7.474885
  19  19  19       -13.531805
  20   1   1        -0.613377
  20   2   1        -0.248953
  20   2   2         8.115134
  20   3   1         0.216226
  20   3   2         0.290573
  20   3   3         8.383369
  20   4   1         0.504215
  20   4   2        -0.147529
  20   4   3        -1.910496
  20   4   4        -2.280916
  20   5   1         2.450451
  20   5   2        30.249533
  20   5   3        -0.194830
  20   5   4         0.899092
  20   5   5        -0.977859
  20   6   1         0.425226
  20   6   2       -29.095522
  20   6   3       -11.808371
  20   6   4        -4.572266
  20   6   5         0.078216
  20   6   6        23.755449
  20   7   1         2.719378
  20   7   2        -2.468245
  20   7   3        23.838469
  20   7   4        40.688819
  20   7   5         5.628934
  20   7   6         8.788375
  20   7   7        14.380260
  20   8   1        -4.140755
  20   8   2       -14.502083
  20   8   3         6.771424
  20   8   4       -22.451731
  20   8   5        -0.870590
  20   8   6        -1.781492
  20   8   7         1.933373
  20   8   8        -1.104435
  20   9   1         4.141297
  20   9   2        24.168986
  20   9   3        -2.708817
  20   9   4       -35.836198
  20   9   5        30.190315
  20   9   6        -1.646092
  20   9   7        -8.041439
  20   9   8        -0.793920
  20   9   9        15.499054
  20  10   1         3.455109
  20  10   2       -62.763361
  20  10   3       -15.776322
  20  10   4        58.201896
  20  10   5        20.156410
  20  10   6       -11.733200
  20  10   7        -7.661950
  20  10   8         3.743628
  20  10   9         3.780809
  20  10  10        -3.436129
  20  11   1         1.774440
  20  11   2      -154.004608
  20  11   3         4.697482
  20  11   4       -24.127995
  20  11   5       -15.045652
  20  11   6        -4.678952
  20  11   7        -4.354502
  20  11   8        -5.057438
  20  11   9        -7.185748
  20  11  10        -3.553425
  20  11  11         7.155653
  20  12   1        -2.237250
  20  12   2        44.317487
  20  12   3       -32.387586
  20  12   4         2.351009
  20  12   5       -26.376458
  20  12   6       -13.588702
  20  12   7        -2.914999
  20  12   8         8.363177
  20  12   9        -8.026861
  20  12  10        -4.034811
  20  12  11         6.802240
  20  12  12        -0.203057
  20  13   1         2.390245
  20  13   2        29.994926
  20  13   3        29.817967
  20  13   4        65.968375
  20  13   5       -20.063307
  20  13   6        -1.420526
  20  13   7        -6.852305
  20  13   8       -12.279023
  20  13   9         3.130297
  20  13  10         1.294152
  20  13  11        12.830051
  20  13  12         7.726500
  20  13  13        13.204085
  20  14   1        -0.406346
  20  14   2        -2.913306
  20  14   3        39.239266
  20  14   4        16.098757
  20  14   5        -2.778419
  20  14   6        -2.877517
  20  14   7        -9.967244
  20  14   8         6.566988
  20  14   9        -3.393210
  20  14  10         5.100284
  20  14  11        -5.840638
  20  14  12        12.288381
  20  14  13       -11.077004
  20  14  14        -0.837072
  20  15   1        -3.458571
  20  15   2       -11.027937
  20  15   3        14.243933
  20  15   4        13.499973
  20  15   5         3.508815
  20  15   6        -3.780675
  20  15   7         9.796858
  20  15   8        -1.914185
  20  15   9         8.536899
  20  15  10         2.965339
  20  15  11        -7.407944
  20  15  12        -0.593591
  20  15  13       -13.865397
  20  15  14        -0.027513
  20  15  15         4.713826
  20  16   1        -1.002486
  20  16   2       -82.493112
  20  16   3        -5.609084
  20  16   4        35.827398
  20  16   5         1.138809
  20  16   6         4.510299
  20  16   7        -2.147449
  20  16   8        -0.224785
  20  16   9        13.344877
  20  16  10        10.153328
  20  16  11       -12.625214
  20  16  12        -7.174462
  20  16  13        -9.152982
  20  16  14        11.136134
  20  16  15        10.101020
  20  16  16        -7.071059
  20  17   1        -0.002433
  20  17   2        -4.876542
  20  17   3         4.567367
  20  17   4         5.374231
  20  17   5        -1.539230
  20  17   6         5.393442
  20  17   7         0.220990
  20  17   8        -3.539243
  20  17   9        -5.638215
  20  17  10        -5.740783
  20  17  11         2.310163
  20  17  12         4.424027
  20  17  13         8.398481
  20  17  14         3.878604
  20  17  15         0.614169
  20  17  16        -3.665548
  20  17  17        -1.939831
  20  18   1         2.773069
  20  18   2       -12.440872
  20  18   3         4.181436
  20  18   4        -7.874317
  20  18   5       -22.544435
  20  18   6        -6.000715
  20  18   7        -4.838297
  20  18   8         2.981457
  20  18   9         5.181647
  20  18  10        -3.341960
  20  18  11        -4.874393
  20  18  12         0.399363
  20  18  13         8.615891
  20  18  14        -8.509095
  20  18  15         2.382139
  20  18  16         5.106412
  20  18  17        -7.140003
  20  18  18         1.907650
  20  19   1        -0.726338
  20  19   2        31.091465
  20  19   3       -18.356999
  20  19   4        10.937478
  20  19   5         0.239969
  20  19   6        22.288474
  20  19   7        -5.335470
  20  19   8         2.127684
  20  19   9        -0.433244
  20  19  10        -2.620377
  20  19  11        -3.931891
  20  19  12         0.488920
  20  19  13         5.064874
  20  19  14         6.655773
  20  19  15         3.035636
  20  19  16        -2.337252
  20  19  17         7.492720
  20  19  18         5.086344
  20  19  19         1.895940
  20  20   1        -0.756148
  20  20   2        63.909761
  20  20   3        10.310896
  20  20   4        24.122596
  20  20   5        20.936170
  20  20   6         5.489338
  20  20   7         2.907417
  20  20   8         3.609810
  20  20   9         3.386075
  20  20  10         4.784023
  20  20  11         2.256068
  20  20  12         0.480307
  20  20  13        -5.576266
  20  20  14         2.491978
  20  20  15         9.833628
  20  20  16        -0.813848
  20  20  17        -7.795484
  20  20  18        -3.459060
  20  20  19         0.931000
  20  20  20         2.444328
  21   1   1         0.155585
  21   2   1        -0.067001
  21   2   2         1.816651
  21   3   1        -0.028853
  21   3   2        -0.072111
  21   3   3        -4.413694
  21   4   1        -0.157461
  21   4   2         0.075362
  21   4   3        -0.082409
  21   4   4        -3.068164
  21   5   1         5.223353
  21   5   2         0.336659
  21   5   3         0.050610
  21   5   4        -0.178230
  21   5   5        13.839643
  21   6   1         0.684744
  21   6   2         1.202630
  21   6   3         5.530135
  21   6   4        -0.131683
  21   6   5        -2.924624
  21   6   6         3.683024
  21   7   1        -3.271198
  21   7   2         0.091892
  21   7   3        -9.710127
  21   7   4        -3.158064
  21   7   5        -1.586871
  21   7   6         6.101646
  21   7   7       -24.537175
  21   8   1       -17.579877
  21   8   2        -0.049027
  21   8   3        -9.402565
  21   8   4         2.302520
  21   8   5         2.569170
  21   8   6        -0.049803
  21   8   7        -0.939148
  21   8   8       -16.961524
  21   9   1        15.315047
  21   9   2        -1.237246
  21   9   3        -4.106149
  21   9   4         3.420569
  21   9   5        -9.795953
  21   9   6        -5.548112
  21   9   7        -2.488996
  21   9   8        -0.997207
  21   9   9         5.542710
  21  10   1        -2.900906
  21  10   2        -0.235665
  21  10   3        17.468944
  21  10   4        -6.610457
  21  10   5        -9.314222
  21  10   6        -2.823183
  21  10   7         7.867694
  21  10   8         2.786159
  21  10   9         7.183595
  21  10  10         1.466980
  21  11   1         8.479712
  21  11   2         1.385208
  21  11   3        -6.186854
  21  11   4         2.531808
  21  11   5        -8.027547
  21  11   6         8.509818
  21  11   7        -9.662395
  21  11   8        10.569925
  21  11   9       -10.760842
  21  11  10         6.570143
  21  11  11        29.453956
  21  12   1        -3.502647
  21  12   2        -0.830719
  21  12   3        20.841291
  21  12   4        -3.569437
  21  12   5         2.199265
  21  12   6        -5.271810
  21  12   7       -16.121341
  21  12   8        15.350895
  21  12   9        -4.462929
  21  12  10         4.782376
  21  12  11        18.381445
  21  12  12        26.226596
  21  13   1        15.961125
  21  13   2         0.048114
  21  13   3       -13.535394
  21  13   4        -3.702101
  21  13   5         1.564097
  21  13   6        -0.992717
  21  13   7        -5.119540
  21  13   8         1.574678
  21  13   9       -12.016425
  21  13  10         0.865291
  21  13  11        15.379020
  21  13  12        27.035488
  21  13  13        15.914674
  21  14   1        -9.234212
  21  14   2        -0.534171
  21  14   3       -25.972077
  21  14   4         5.365560
  21  14   5        -2.127791
  21  14   6        -4.705998
  21  14   7         0.963591
  21  14   8        17.542074
  21  14   9         4.423855
  21  14  10         4.239218
  21  14  11         4.043020
  21  14  12         3.141160
  21  14  13        12.056209
  21  14  14       -15.868124
  21  15   1        -0.893899
  21  15   2        -1.980527
  21  15   3        -6.117478
  21  15   4        -0.437401
  21  15   5         5.274032
  21  15   6        -1.933624
  21  15   7        -0.060526
  21  15   8         1.299071
  21  15   9         7.103112
  21  15  10         6.454612
  21  15  11        -1.218118
  21  15  12         1.469679
  21  15  13        -0.736784
  21  15  14         2.972098
  21  15  15         4.989422
  21  16   1         0.958349
  21  16   2         1.034057
  21  16   3         5.773629
  21  16   4        -4.139177
  21  16   5        15.387213
  21  16   6        -7.998205
  21  16   7        -2.432286
  21  16   8        -5.931228
  21  16   9        -0.640155
  21  16  10         7.096093
  21  16  11       -17.537440
  21  16  12       -37.322899
  21  16  13       -19.614952
  21  16  14        -9.324310
  21  16  15        -0.596125
  21  16  16        18.255264
  21  17   1        -0.711360
  21  17   2        -0.438814
  21  17   3        -1.712373
  21  17   4         0.014664
  21  17   5        -0.561113
  21  17   6        -0.100428
  21  17   7        -4.787968
  21  17   8       -10.618319
  21  17   9       -14.470723
  21  17  10        -7.911180
  21  17  11        -0.756962
  21  17  12        -7.840593
  21  17  13        -2.082616
  21  17  14        -2.365925
  21  17  15        -5.126711
  21  17  16         3.148069
  21  17  17        -4.813939
  21  18   1        11.417276
  21  18   2        -0.913906
  21  18   3        -4.518380
  21  18   4         1.737550
  21  18   5        31.113004
  21  18   6       -14.996991
  21  18   7        -5.164954
  21  18   8         3.734650
  21  18   9       -10.420956
  21  18  10        -4.259316
  21  18  11        10.125800
  21  18  12         5.329643
  21  18  13        -1.773126
  21  18  14         0.033885
  21  18  15         2.572041
  21  18  16         6.259327
  21  18  17         5.761696
  21  18  18        -1.585516
  21  19   1         2.313201
  21  19   2        -1.939025
  21  19   3        14.577281
  21  19   4        -3.047106
  21  19   5       -13.387989
  21  19   6        33.296753
  21  19   7         8.623661
  21  19   8        -6.215348
  21  19   9        -4.403654
  21  19  10       -13.235184
  21  19  11        -9.292970
  21  19  12        -6.956116
  21  19  13         2.698829
  21  19  14        -1.865886
  21  19  15         1.330632
  21  19  16         0.521797
  21  19  17         7.486163
  21  19  18         8.016225
  21  19  19        15.816215
  21  20   1         0.943987
  21  20   2         0.633195
  21  20   3        -5.803623
  21  20   4        -1.266689
  21  20   5       -22.214103
  21  20   6        17.676511
  21  20   7         4.718966
  21  20   8        -3.139816
  21  20   9        10.064747
  21  20  10        -7.493637
  21  20  11        -3.830445
  21  20  12         6.294907
  21  20  13         6.638238
  21  20  14         5.724437
  21  20  15         0.592418
  21  20  16         5.742807
  21  20  17        -1.951494
  21  20  18       -11.917633
  21  20  19         0.447931
  21  20  20         5.875541
  21  21   1         1.402575
  21  21   2        -0.514862
  21  21   3         4.554800
  21  21   4        -0.132047
  21  21   5        50.478466
  21  21   6        48.544629
  21  21   7        14.523430
  21  21   8        20.827023
  21  21   9         1.361317
  21  21  10         0.165439
  21  21  11         0.309234
  21  21  12         2.009207
  21  21  13         1.097494
  21  21  14         3.512710
  21  21  15         2.987676
  21  21  16        -5.810443
  21  21  17         6.196041
  21  21  18        -2.843579
  21  21  19        -5.159291
  21  21  20         1.956722
  21  21  21        -5.865919
  22  22   1         5.974167
  22  22   2        -1.440245
  22  22   3       316.960589
  22  22   4       550.610901
  22  22   5         4.006094
  22  22   6        -4.576459
  22  22   7        29.077186
  22  22   8        -0.644282
  22  22   9        -7.095467
  22  22  10        12.438239
  22  22  11        -7.114188
  22  22  12        -8.106954
  22  22  13         9.919685
  22  22  14       -11.573458
  22  22  15        -7.837158
  22  22  16         2.495403
  22  22  17       -14.005732
  22  22  18         1.584499
  22  22  19         7.214580
  22  22  20         2.033945
  22  22  21        -1.559661
  23  22   1         1.767680
  23  22   2         0.756999
  23  22   3      -258.123301
  23  22   4       338.146592
  23  22   5        -2.059878
  23  22   6         6.144293
  23  22   7        -0.601473
  23  22   8         7.070527
  23  22   9        -0.740493
  23  22  10        19.460883
  23  22  11       -11.176471
  23  22  12        -8.967588
  23  22  13        11.188273
  23  22  14        -2.488382
  23  22  15       -16.735740
  23  22  16        12.024627
  23  22  17        -6.418087
  23  22  18        -1.308464
  23  22  19         7.703607
  23  22  20         9.855231
  23  22  21         0.869573
  23  23   1        -1.070142
  23  23   2         5.725559
  23  23   3       508.601845
  23  23   4        30.875516
  23  23   5         8.255307
  23  23   6        10.331962
  23  23   7        18.960115
  23  23   8        -2.658916
  23  23   9         5.256065
  23  23  10       -21.706017
  23  23  11        -6.046792
  23  23  12       -16.900019
  23  23  13        13.941838
  23  23  14        24.676859
  23  23  15        18.431125
  23  23  16        -8.209486
  23  23  17         8.079025
  23  23  18         2.781150
  23  23  19        -5.943835
  23  23  20        -7.251543
  23  23  21        -3.386394
  24  22   1         1.239238
  24  22   2        -0.023474
  24  22   3        -4.255625
  24  22   4        50.511218
  24  22   5        -2.707790
  24  22   6        -1.162766
  24  22   7         1.823225
  24  22   8        -1.810313
  24  22   9         0.535784
  24  22  10         0.935864
  24  22  11        -0.787673
  24  22  12         0.488885
  24  22  13         0.408660
  24  22  14         0.832120
  24  22  15        -1.897795
  24  22  16         0.558072
  24  22  17        -1.983938
  24  22  18         1.346498
  24  22  19         1.138697
  24  22  20        -0.185326
  24  22  21         0.477769
  24  23   1        -3.031196
  24  23   2       -19.422486
  24  23   3        25.920873
  24  23   4        18.446492
  24  23   5         2.400890
  24  23   6        -5.174264
  24  23   7        -2.817693
  24  23   8         2.059862
  24  23   9        -3.232827
  24  23  10         7.625795
  24  23  11         4.768200
  24  23  12        -2.775332
  24  23  13         0.853364
  24  23  14        -0.805180
  24  23  15        -4.326705
  24  23  16        -2.038683
  24  23  17        -0.180327
  24  23  18         1.397351
  24  23  19         1.523397
  24  23  20        -1.747138
  24  23  21        -0.112409
  24  24   1        -5.601592
  24  24   2        51.152911
  24  24   3         0.779174
  24  24   4         3.262021
  24  24   5        54.110026
  24  24   6         7.180009
  24  24   7         5.850376
  24  24   8        31.405595
  24  24   9       -17.341480
  24  24  10        24.199210
  24  24  11        23.580387
  24  24  12        -4.728937
  24  24  13        -3.469227
  24  24  14        -0.828748
  24  24  15        -3.632824
  24  24  16        -9.184128
  24  24  17         7.313200
  24  24  18         4.115668
  24  24  19         2.396720
  24  24  20        -2.687449
  24  24  21         1.554189
  25  22   1        -9.245841
  25  22   2         0.259321
  25  22   3      -213.988394
  25  22   4       261.574974
  25  22   5        -0.399882
  25  22   6         2.029990
  25  22   7        -6.999066
  25  22   8         5.534287
  25  22   9         0.319038
  25  22  10        13.719456
  25  22  11        -6.284914
  25  22  12       -11.015882
  25  22  13         8.013856
  25  22  14         4.747878
  25  22  15       -11.625576
  25  22  16         5.197079
  25  22  17        -5.457054
  25  22  18        -0.140798
  25  22  19         3.889170
  25  22  20         7.798229
  25  22  21        -0.259189
  25  23   1         4.436685
  25  23   2       -12.202989
  25  23   3       414.162989
  25  23   4        20.033412
  25  23   5        -2.442417
  25  23   6       -19.832560
  25  23   7        -9.157128
  25  23   8       -10.144564
  25  23   9       -11.286399
  25  23  10         9.755071
  25  23  11         7.506998
  25  23  12       -11.208669
  25  23  13         1.355853
  25  23  14         7.117151
  25  23  15         4.096412
  25  23  16        -6.888542
  25  23  17        -5.309031
  25  23  18         1.682312
  25  23  19        -4.315898
  25  23  20         0.301597
  25  23  21        -2.656791
  25  24   1       -11.188681
  25  24   2        31.751126
  25  24   3        18.736148
  25  24   4        13.683382
  25  24   5       -13.293752
  25  24   6         5.534167
  25  24   7         1.794432
  25  24   8        -7.754608
  25  24   9        17.460993
  25  24  10        -1.684465
  25  24  11       -10.702027
  25  24  12        -2.346828
  25  24  13         2.533600
  25  24  14         0.089071
  25  24  15        -3.171098
  25  24  16         2.735754
  25  24  17        -3.554376
  25  24  18        -2.435910
  25  24  19        -0.819163
  25  24  20        -2.179912
  25  24  21         2.772599
  25  25   1        53.053904
  25  25   2        17.686460
  25  25   3       327.579021
  25  25   4        10.317928
  25  25   5         7.048277
  25  25   6        26.362710
  25  25   7         0.014374
  25  25   8        15.503483
  25  25   9         6.438902
  25  25  10        -6.054067
  25  25  11       -19.298320
  25  25  12         9.193900
  25  25  13        -4.164576
  25  25  14         5.784935
  25  25  15        -3.563068
  25  25  16         8.300196
  25  25  17         8.458543
  25  25  18        -2.603238
  25  25  19         8.176593
  25  25  20         3.699434
  25  25  21         1.094591
  26  22   1        12.361571
  26  22   2        -4.757773
  26  22   3       -12.458457
  26  22   4        49.202715
  26  22   5        -1.481268
  26  22   6         1.303665
  26  22   7         0.160537
  26  22   8         3.493660
  26  22   9        -0.948047
  26  22  10         0.415616
  26  22  11        -0.184177
  26  22  12        -4.745833
  26  22  13         3.623212
  26  22  14        -4.337501
  26  22  15        -2.288967
  26  22  16         0.850742
  26  22  17         0.897205
  26  22  18        -2.525688
  26  22  19        -1.136249
  26  22  20         2.325015
  26  22  21        -2.374432
  26  23   1        -2.767708
  26  23   2      -111.748793
  26  23   3        37.141851
  26  23   4        13.286567
  26  23   5        -4.925446
  26  23   6         8.873601
  26  23   7        -0.599604
  26  23   8        -5.936846
  26  23   9       -11.784973
  26  23  10         0.131053
  26  23  11        22.671226
  26  23  12       -12.135051
  26  23  13        -3.132281
  26  23  14        -2.663342
  26  23  15        -4.172320
  26  23  16        15.033622
  26  23  17         7.371555
  26  23  18        -0.558951
  26  23  19        -7.592928
  26  23  20        -1.151881
  26  23  21        -7.106995
  26  24   1         9.150500
  26  24   2       301.708283
  26  24   3         3.232246
  26  24   4         3.150148
  26  24   5       -18.635494
  26  24   6         2.133969
  26  24   7         2.101022
  26  24   8        15.009568
  26  24   9        17.752382
  26  24  10        22.428842
  26  24  11        20.487881
  26  24  12        -4.228018
  26  24  13       -14.671300
  26  24  14         7.989091
  26  24  15        37.024388
  26  24  16        11.618824
  26  24  17        -8.766322
  26  24  18         6.543447
  26  24  19         5.049229
  26  24  20        -5.372318
  26  24  21        12.901735
  26  25   1       -50.999083
  26  25   2       173.380069
  26  25   3        33.107790
  26  25   4        10.384975
  26  25   5        12.423397
  26  25   6       -13.119928
  26  25   7         0.538767
  26  25   8         1.197843
  26  25   9        12.540734
  26  25  10        -8.721960
  26  25  11       -28.150283
  26  25  12        13.903153
  26  25  13        12.400805
  26  25  14         1.016454
  26  25  15        14.258770
  26  25  16       -21.046241
  26  25  17        -2.432802
  26  25  18         1.363167
  26  25  19         5.815534
  26  25  20         3.064456
  26  25  21         6.286582
  26  26   1        35.793093
  26  26   2      1550.899462
  26  26   3         2.266066
  26  26   4         0.236362
  26  26   5         4.013380
  26  26   6        -8.733739
  26  26   7         4.714161
  26  26   8        29.783162
  26  26   9        38.474847
  26  26  10        23.924672
  26  26  11       -11.761124
  26  26  12         7.408914
  26  26  13        -6.470276
  26  26  14        13.863828
  26  26  15        61.050142
  26  26  16       -15.666702
  26  26  17       -10.777592
  26  26  18         9.896503
  26  26  19        18.464726
  26  26  20        -2.899368
  26  26  21        29.343935
  27  22   1       -71.279800
  27  22   2        -2.564645
  27  22   3        83.082961
  27  22   4      -108.307162
  27  22   5         0.686194
  27  22   6        -1.103476
  27  22   7        12.802984
  27  22   8        -4.391144
  27  22   9        -4.407024
  27  22  10        -4.056412
  27  22  11         3.527709
  27  22  12        19.666100
  27  22  13       -16.778592
  27  22  14         6.297063
  27  22  15        -4.490092
  27  22  16        -3.719683
  27  22  17         2.170662
  27  22  18         0.817358
  27  22  19        -5.494448
  27  22  20        -7.780739
  27  22  21         0.802865
  27  23   1        29.057683
  27  23   2       -26.145779
  27  23   3      -161.881879
  27  23   4       -10.670040
  27  23   5        -3.954972
  27  23   6         7.761926
  27  23   7        12.394561
  27  23   8        11.122929
  27  23   9        -1.081502
  27  23  10        -5.070693
  27  23  11         2.308486
  27  23  12        -1.543476
  27  23  13        -7.372633
  27  23  14         6.573799
  27  23  15       -10.823828
  27  23  16         3.345297
  27  23  17         4.982063
  27  23  18        -3.888177
  27  23  19        -4.809814
  27  23  20        -4.184744
  27  23  21        -0.800781
  27  24   1       -57.130880
  27  24   2        71.879252
  27  24   3        -8.144953
  27  24   4        -6.626819
  27  24   5         6.106880
  27  24   6        -5.784260
  27  24   7        11.729972
  27  24   8       -19.962822
  27  24   9        35.530034
  27  24  10        23.038238
  27  24  11        14.937790
  27  24  12       -15.825388
  27  24  13         8.558514
  27  24  14        -3.690121
  27  24  15       -15.329855
  27  24  16        -9.582882
  27  24  17        -1.390099
  27  24  18        10.002742
  27  24  19        -0.059976
  27  24  20       -10.990399
  27  24  21         9.871218
  27  25   1       315.265732
  27  25   2        43.907097
  27  25   3      -132.984888
  27  25   4        -8.967635
  27  25   5       -10.582338
  27  25   6       -16.727018
  27  25   7        -2.822883
  27  25   8        24.897343
  27  25   9       -27.622229
  27  25  10        -0.539951
  27  25  11       -11.162155
  27  25  12         5.869571
  27  25  13       -18.744998
  27  25  14        16.484054
  27  25  15        16.798740
  27  25  16        -6.288228
  27  25  17        -1.061465
  27  25  18       -10.039808
  27  25  19        -3.865282
  27  25  20         5.718468
  27  25  21        -4.953516
  27  26   1      -301.500410
  27  26   2       366.922540
  27  26   3       -10.038397
  27  26   4        -1.286075
  27  26   5        -8.118869
  27  26   6         1.914405
  27  26   7         7.805738
  27  26   8        13.657520
  27  26   9         4.328171
  27  26  10         7.982698
  27  26  11        10.788307
  27  26  12        -1.770426
  27  26  13        -6.607737
  27  26  14         4.931610
  27  26  15         5.044917
  27  26  16        -0.544971
  27  26  17        -1.405530
  27  26  18         1.470101
  27  26  19        -2.195962
  27  26  20        -8.402150
  27  26  21         7.187581
  27  27   1      1853.442306
  27  27   2        97.160554
  27  27   3        41.271853
  27  27   4       -17.023610
  27  27   5        -6.288909
  27  27   6        36.972377
  27  27   7       -53.924995
  27  27   8         8.939424
  27  27   9       -36.011284
  27  27  10        -6.433566
  27  27  11         7.279851
  27  27  12         2.152662
  27  27  13         5.753515
  27  27  14       -20.960197
  27  27  15        76.424068
  27  27  16        27.994753
  27  27  17        -0.895106
  27  27  18        -7.642215
  27  27  19        27.246598
  27  27  20        24.616223
  27  27  21       -13.635030
  28  22   1       -21.304143
  28  22   2         2.366732
  28  22   3        -9.704143
  28  22   4       375.714003
  28  22   5        -3.897565
  28  22   6       -14.474697
  28  22   7        15.963845
  28  22   8        12.185450
  28  22   9        -1.871968
  28  22  10        -8.272314
  28  22  11         4.332457
  28  22  12        -1.480301
  28  22  13         2.102544
  28  22  14         0.298793
  28  22  15         0.436963
  28  22  16        -1.035767
  28  22  17        -3.694555
  28  22  18         0.173701
  28  22  19         0.253074
  28  22  20        -2.906294
  28  22  21         1.344504
  28  23   1        13.037146
  28  23   2        25.731361
  28  23   3       161.224090
  28  23   4       134.302305
  28  23   5         0.528221
  28  23   6       -16.823974
  28  23   7       -21.117424
  28  23   8        -9.973217
  28  23   9        -2.841453
  28  23  10        16.178114
  28  23  11        -0.841334
  28  23  12        18.275326
  28  23  13        -2.313418
  28  23  14         2.937993
  28  23  15        10.447614
  28  23  16        -5.176185
  28  23  17         2.005214
  28  23  18         0.144508
  28  23  19        -3.879990
  28  23  20         2.064933
  28  23  21         0.875867
  28  24   1       -16.849076
  28  24   2       -68.340309
  28  24   3        14.102724
  28  24   4        29.299825
  28  24   5        14.131654
  28  24   6         4.641939
  28  24   7         6.529906
  28  24   8        -7.863418
  28  24   9        -5.328884
  28  24  10       -17.322536
  28  24  11         4.062183
  28  24  12         2.992370
  28  24  13        13.194753
  28  24  14       -10.093337
  28  24  15       -11.828809
  28  24  16        -4.891557
  28  24  17         9.098096
  28  24  18         2.425005
  28  24  19        -4.212066
  28  24  20         3.626709
  28  24  21        -3.460401
  28  25   1       121.539848
  28  25   2       -37.435947
  28  25   3       137.123166
  28  25   4       106.525158
  28  25   5        -4.726881
  28  25   6        30.478119
  28  25   7        22.285277
  28  25   8        -0.633395
  28  25   9       -14.610421
  28  25  10        -2.115795
  28  25  11        -7.943375
  28  25  12        -1.078882
  28  25  13        -5.001044
  28  25  14       -17.875046
  28  25  15        11.823325
  28  25  16        11.611865
  28  25  17         5.945172
  28  25  18        -5.494769
  28  25  19        -1.304030
  28  25  20         1.935462
  28  25  21        -4.327924
  28  26   1      -110.555744
  28  26   2      -333.078140
  28  26   3        11.815938
  28  26   4        23.365004
  28  26   5        -4.251204
  28  26   6        -0.386165
  28  26   7        -9.501344
  28  26   8         0.411132
  28  26   9         3.524909
  28  26  10        12.137519
  28  26  11       -12.698664
  28  26  12         4.232180
  28  26  13        -5.973748
  28  26  14         9.905714
  28  26  15         0.702668
  28  26  16        -8.586553
  28  26  17         5.078612
  28  26  18        -4.696169
  28  26  19        -1.151793
  28  26  20        -5.247444
  28  26  21        -0.996471
  28  27   1       695.881056
  28  27   2       -76.006797
  28  27   3       -54.428074
  28  27   4       -53.685686
  28  27   5        12.876204
  28  27   6       -11.329023
  28  27   7       -24.541634
  28  27   8       -15.941837
  28  27   9        15.854336
  28  27  10       -31.338611
  28  27  11        29.452409
  28  27  12        10.916790
  28  27  13        30.753734
  28  27  14       -11.662385
  28  27  15        37.872476
  28  27  16        11.137670
  28  27  17        -2.870868
  28  27  18         7.200517
  28  27  19         1.716857
  28  27  20        19.513007
  28  27  21        -8.256946
  28  28   1       257.852970
  28  28   2        73.359436
  28  28   3        63.653184
  28  28   4       184.186366
  28  28   5        20.995741
  28  28   6        63.365470
  28  28   7       -90.423783
  28  28   8       -97.653744
  28  28   9        -6.010901
  28  28  10        12.841951
  28  28  11        -0.138706
  28  28  12         2.899459
  28  28  13        -6.041203
  28  28  14        17.619307
  28  28  15        20.841517
  28  28  16         3.150558
  28  28  17        47.475437
  28  28  18        -6.767769
  28  28  19         8.549125
  28  28  20        -0.958141
  28  28  21         6.133905
  29  22   1         1.865262
  29  22   2         0.688735
  29  22   3      -132.663664
  29  22   4        65.375377
  29  22   5        -4.558661
  29  22   6        12.448018
  29  22   7       -40.272668
  29  22   8        14.600635
  29  22   9        16.311635
  29  22  10       -22.215955
  29  22  11         5.104542
  29  22  12         1.106201
  29  22  13       -14.022988
  29  22  14         1.587855
  29  22  15         2.090757
  29  22  16        -0.646687
  29  22  17         3.678205
  29  22  18         1.048598
  29  22  19        -2.449020
  29  22  20         4.690171
  29  22  21        -0.306622
  29  23   1         5.236067
  29  23   2         3.947314
  29  23   3       215.386224
  29  23   4       -21.297784
  29  23   5         2.884202
  29  23   6        46.792883
  29  23   7        -6.946276
  29  23   8         6.641774
  29  23   9         0.076734
  29  23  10       -20.939572
  29  23  11        -4.315753
  29  23  12       -11.173068
  29  23  13        -9.080986
  29  23  14        -7.195158
  29  23  15         9.894979
  29  23  16        -9.110936
  29  23  17        -4.087418
  29  23  18         1.839027
  29  23  19        -1.757457
  29  23  20         2.000161
  29  23  21        -3.352491
  29  24   1         7.013410
  29  24   2        -9.801286
  29  24   3         7.300275
  29  24   4         2.075899
  29  24   5        52.418751
  29  24   6        -3.011621
  29  24   7       -33.593777
  29  24   8        10.965879
  29  24   9       -17.402783
  29  24  10       -17.547950
  29  24  11        19.090419
  29  24  12        11.149757
  29  24  13         5.376720
  29  24  14        -3.468168
  29  24  15        12.120229
  29  24  16         8.959271
  29  24  17         4.542388
  29  24  18         1.334430
  29  24  19         0.188176
  29  24  20         5.384227
  29  24  21        -2.971840
  29  25   1        10.709855
  29  25   2        -6.979085
  29  25   3       163.286064
  29  25   4       -19.559909
  29  25   5       -28.859080
  29  25   6       -29.799659
  29  25   7       -64.294589
  29  25   8        28.217830
  29  25   9        15.690271
  29  25  10         3.468572
  29  25  11        -0.224738
  29  25  12        -0.742840
  29  25  13        -5.374308
  29  25  14        -1.335776
  29  25  15       -15.273439
  29  25  16        12.833904
  29  25  17        -5.755727
  29  25  18         0.330106
  29  25  19         0.437145
  29  25  20         3.516420
  29  25  21        -0.289593
  29  26   1        -9.665657
  29  26   2       -49.410694
  29  26   3        18.607729
  29  26   4         0.629488
  29  26   5        -0.063356
  29  26   6        -5.178388
  29  26   7        22.419483
  29  26   8        -7.029283
  29  26   9         1.767073
  29  26  10        10.844389
  29  26  11        -1.744468
  29  26  12       -19.999079
  29  26  13       -21.940486
  29  26  14        -3.609023
  29  26  15        -4.704155
  29  26  16         1.395055
  29  26  17        -1.148776
  29  26  18         3.421368
  29  26  19         0.014537
  29  26  20         1.499670
  29  26  21        -1.624536
  29  27   1        40.895701
  29  27   2       -11.104837
  29  27   3       -69.475826
  29  27   4         4.559185
  29  27   5        -5.417934
  29  27   6        31.605610
  29  27   7       -27.443935
  29  27   8        -1.290068
  29  27   9        -9.871935
  29  27  10        -7.760080
  29  27  11        -2.745690
  29  27  12       -12.205485
  29  27  13        15.397490
  29  27  14       -13.759949
  29  27  15        36.066959
  29  27  16         7.429247
  29  27  17        10.451593
  29  27  18         1.041121
  29  27  19         5.131036
  29  27  20         7.185423
  29  27  21        -0.497779
  29  28   1        11.080473
  29  28   2        10.609791
  29  28   3        66.575524
  29  28   4        13.944337
  29  28   5        19.009845
  29  28   6       -42.973773
  29  28   7        42.411639
  29  28   8       -38.856727
  29  28   9         7.381181
  29  28  10       -16.142085
  29  28  11        31.521171
  29  28  12        28.472521
  29  28  13       -36.803133
  29  28  14       -13.964418
  29  28  15        -1.691557
  29  28  16       -25.480074
  29  28  17         0.553487
  29  28  18        21.867978
  29  28  19       -12.002556
  29  28  20         6.173234
  29  28  21        -4.400682
  29  29   1       -15.686606
  29  29   2         1.278732
  29  29   3        73.161404
  29  29   4       -20.105244
  29  29   5        45.421138
  29  29   6        54.558201
  29  29   7        -1.481441
  29  29   8        15.113659
  29  29   9        26.444598
  29  29  10        25.602124
  29  29  11        -8.498364
  29  29  12         5.161659
  29  29  13       -23.019945
  29  29  14        72.816971
  29  29  15       -62.039901
  29  29  16       -10.026760
  29  29  17        58.508892
  29  29  18        25.629799
  29  29  19        20.545379
  29  29  20        -8.290990
  29  29  21        30.857891
  30  22   1        17.710848
  30  22   2         0.596604
  30  22   3        38.750803
  30  22   4      -100.815793
  30  22   5         4.099583
  30  22   6         5.857627
  30  22   7         0.303808
  30  22   8        -1.719576
  30  22   9         3.149481
  30  22  10         3.549461
  30  22  11        -0.005237
  30  22  12         0.901731
  30  22  13         3.390155
  30  22  14         0.064463
  30  22  15         2.928009
  30  22  16         0.424267
  30  22  17         0.700496
  30  22  18         0.200217
  30  22  19         0.997019
  30  22  20         0.123416
  30  22  21         0.156881
  30  23   1        -7.898258
  30  23   2        -6.779091
  30  23   3       -95.870200
  30  23   4       -22.415669
  30  23   5       -10.386322
  30  23   6        48.973906
  30  23   7        13.437652
  30  23   8        10.387394
  30  23   9        17.293107
  30  23  10        -0.725190
  30  23  11        -0.550265
  30  23  12         5.263802
  30  23  13         7.101936
  30  23  14         1.739218
  30  23  15         6.350613
  30  23  16         1.325978
  30  23  17        -1.408518
  30  23  18         0.562082
  30  23  19         8.051922
  30  23  20        -0.790283
  30  23  21         1.970384
  30  24   1        14.371766
  30  24   2        19.101319
  30  24   3        -5.700980
  30  24   4        -6.469177
  30  24   5       -93.348875
  30  24   6        -3.688601
  30  24   7       -11.695073
  30  24   8       -22.711544
  30  24   9       -25.849894
  30  24  10       -26.185652
  30  24  11         3.089121
  30  24  12         4.621165
  30  24  13         7.681825
  30  24  14        -1.216201
  30  24  15        -4.162704
  30  24  16         6.695362
  30  24  17        -2.842328
  30  24  18        -5.275084
  30  24  19        -0.394564
  30  24  20        -1.803968
  30  24  21        -4.625212
  30  25   1       -86.389265
  30  25   2        12.495785
  30  25   3       -77.863265
  30  25   4       -17.206038
  30  25   5        37.061832
  30  25   6       -50.666989
  30  25   7       -14.221231
  30  25   8       -15.717576
  30  25   9       -14.370113
  30  25  10         5.704493
  30  25  11         0.092628
  30  25  12       -17.310758
  30  25  13        -7.559927
  30  25  14        -6.208343
  30  25  15        -2.222124
  30  25  16        -5.147976
  30  25  17        -3.558499
  30  25  18         9.041592
  30  25  19         2.911040
  30  25  20         4.177686
  30  25  21        -0.260673
  30  26   1        80.552610
  30  26   2       142.522664
  30  26   3        -7.581856
  30  26   4        -6.437053
  30  26   5         5.021778
  30  26   6        -6.396114
  30  26   7         3.840977
  30  26   8        20.172859
  30  26   9        29.103037
  30  26  10        21.380868
  30  26  11        -1.959271
  30  26  12        -0.167913
  30  26  13        -4.312036
  30  26  14         4.800528
  30  26  15        30.788039
  30  26  16        -6.711836
  30  26  17        -1.741383
  30  26  18        10.133696
  30  26  19        16.173665
  30  26  20        -4.192200
  30  26  21         0.780909
  30  27   1      -506.836721
  30  27   2        31.225986
  30  27   3        33.832357
  30  27   4        13.294836
  30  27   5        -0.674304
  30  27   6        18.104669
  30  27   7        22.396622
  30  27   8        12.944599
  30  27   9         9.818566
  30  27  10         6.802286
  30  27  11         2.048096
  30  27  12        16.952866
  30  27  13        -7.349628
  30  27  14        16.198271
  30  27  15         1.851408
  30  27  16        -2.548318
  30  27  17         0.671612
  30  27  18         1.215265
  30  27  19         2.579130
  30  27  20       -14.534252
  30  27  21         3.694949
  30  28   1      -190.523946
  30  28   2       -37.337183
  30  28   3       -33.624915
  30  28   4       -42.117306
  30  28   5       -20.802040
  30  28   6       -44.505054
  30  28   7         0.108125
  30  28   8         2.118932
  30  28   9       -37.796643
  30  28  10       -11.248877
  30  28  11        -1.082047
  30  28  12       -11.720457
  30  28  13        -0.642170
  30  28  14        -5.439380
  30  28  15       -49.656506
  30  28  16         6.265328
  30  28  17        -7.851536
  30  28  18        -1.208618
  30  28  19        -4.697148
  30  28  20         1.355104
  30  28  21       -12.992328
  30  29   1       -12.337807
  30  29   2        -6.180784
  30  29   3       -36.470012
  30  29   4         2.022637
  30  29   5       -56.715091
  30  29   6        57.504482
  30  29   7        33.320817
  30  29   8       -15.765709
  30  29   9        21.134945
  30  29  10       -17.313390
  30  29  11       -40.331840
  30  29  12       -14.962231
  30  29  13        18.415566
  30  29  14         4.470271
  30  29  15       -10.761215
  30  29  16        -0.121926
  30  29  17        -3.210053
  30  29  18       -20.664165
  30  29  19         0.190524
  30  29  20       -36.599971
  30  29  21        -2.442487
  30  30   1       138.446841
  30  30   2         0.427903
  30  30   3        17.499108
  30  30   4         8.306911
  30  30   5        90.714395
  30  30   6        94.974912
  30  30   7        13.845216
  30  30   8        23.544012
  30  30   9       -33.877230
  30  30  10       -27.099690
  30  30  11         9.385838
  30  30  12        -1.714842
  30  30  13        16.017673
  30  30  14       -12.934465
  30  30  15        -9.026224
  30  30  16        -6.723342
  30  30  17        73.137350
  30  30  18        26.653918
  30  30  19        43.459304
  30  30  20       -16.121689
  30  30  21       -53.083676
