  1  1  1  1     573.16190                         
  2  1  1  1    -107.30540                         
  2  2  1  1     492.46791                         
  2  2  2  1     121.78156                         
  2  2  2  2     505.84529                         
  3  1  1  1     -22.63979                         
  3  2  1  1      18.62946                         
  3  2  2  1     -12.49282                         
  3  2  2  2      11.47819                         
  3  3  1  1       2.14420                         
  3  3  2  1      -1.88983                         
  3  3  2  2       1.57756                         
  3  3  3  1      32.07577                         
  3  3  3  2     -29.20515                         
  3  3  3  3    1055.37935                         
  4  1  1  1      -2.47802                         
  4  2  1  1      10.13489                         
  4  2  2  1       0.49949                         
  4  2  2  2      31.70638                         
  4  3  1  1      -0.82198                         
  4  3  2  2       0.10655                         
  4  3  3  1      -0.82379                         
  4  3  3  2       2.07658                         
  4  3  3  3     -36.97941                         
  4  4  1  1     -65.00603                         
  4  4  2  1      -4.79952                         
  4  4  2  2     -51.85055                         
  4  4  3  1       1.62584                         
  4  4  3  2      -2.06397                         
  4  4  3  3     -30.35930                         
  4  4  4  1      -0.77686                         
  4  4  4  2     -12.54457                         
  4  4  4  3      11.26362                         
  4  4  4  4      89.30486                         
  5  1  1  1       4.70417                         
  5  2  1  1     -14.50878                         
  5  2  2  1      -9.99218                         
  5  2  2  2      23.66698                         
  5  3  1  1      -1.62381                         
  5  3  2  2      -0.25014                         
  5  3  3  1       1.21310                         
  5  3  3  2      -0.94176                         
  5  3  3  3      17.14453                         
  5  4  1  1    -115.06588                         
  5  4  2  2     -93.21223                         
  5  4  3  3      25.05348                         
  5  4  4  1       0.19169                         
  5  4  4  2       5.42036                         
  5  4  4  3      -6.33861                         
  5  4  4  4     -18.75279                         
  5  5  1  1    -214.69093                         
  5  5  2  1      20.79618                         
  5  5  2  2    -164.29328                         
  5  5  3  1       7.48171                         
  5  5  3  2      -4.95055                         
  5  5  3  3     -25.24527                         
  5  5  4  1      -1.04531                         
  5  5  4  2       4.00245                         
  5  5  4  3       1.71570                         
  5  5  4  4      19.72616                         
  5  5  5  1       0.89546                         
  5  5  5  2      15.86391                         
  5  5  5  3      -1.42216                         
  5  5  5  4      17.84282                         
  5  5  5  5      25.95844                         
  6  1  1  1       3.97915                         
  6  2  1  1       9.32477                         
  6  2  2  1     -11.57147                         
  6  2  2  2      -4.64825                         
  6  3  1  1       0.49439                         
  6  3  2  2       1.30498                         
  6  3  3  1      -0.95076                         
  6  3  3  2      -1.65767                         
  6  3  3  3     -23.24189                         
  6  4  1  1       6.67088                         
  6  4  2  2      24.82818                         
  6  4  3  3     101.37401                         
  6  4  4  1       3.31327                         
  6  4  4  2      -4.15973                         
  6  4  4  3      -3.55431                         
  6  4  4  4      32.76394                         
  6  5  1  1       4.97130                         
  6  5  2  2      35.76459                         
  6  5  3  3     -89.71017                         
  6  5  4  4      -9.03394                         
  6  5  5  1       0.59748                         
  6  5  5  2      -4.75642                         
  6  5  5  3      -4.44268                         
  6  5  5  4      -0.44337                         
  6  5  5  5       1.20123                         
  6  6  1  1     -36.93390                         
  6  6  2  1     -22.21775                         
  6  6  2  2     -44.27145                         
  6  6  3  1     -10.94212                         
  6  6  3  2       9.29488                         
  6  6  3  3    -355.68793                         
  6  6  4  1       0.11441                         
  6  6  4  2       0.04753                         
  6  6  4  3       6.39010                         
  6  6  4  4      -0.26240                         
  6  6  5  1       2.90281                         
  6  6  5  2      -5.14007                         
  6  6  5  3      -8.01440                         
  6  6  5  4       3.94061                         
  6  6  5  5      15.00391                         
  6  6  6  1       4.59942                         
  6  6  6  2       1.83842                         
  6  6  6  3      -1.44049                         
  6  6  6  4     -11.99936                         
  6  6  6  5       3.39909                         
  6  6  6  6      48.05977                         
  7  1  1  1      -3.21659                         
  7  2  1  1      13.52406                         
  7  2  2  1     -11.46052                         
  7  2  2  2      -1.67244                         
  7  3  1  1       0.98054                         
  7  3  2  2       1.06955                         
  7  3  3  1       1.80696                         
  7  3  3  2      -1.74207                         
  7  3  3  3      66.73069                         
  7  4  1  1      12.87908                         
  7  4  2  2      25.26405                         
  7  4  3  3     -36.88039                         
  7  4  4  1       3.51529                         
  7  4  4  2      -4.89015                         
  7  4  4  3       1.69465                         
  7  4  4  4      27.19961                         
  7  5  1  1      17.85027                         
  7  5  2  2      38.37193                         
  7  5  3  3      31.66839                         
  7  5  4  4      -6.07124                         
  7  5  5  1       1.31364                         
  7  5  5  2      -6.62101                         
  7  5  5  3      -1.67401                         
  7  5  5  4      -7.63313                         
  7  5  5  5       2.21039                         
  7  6  1  1     -26.92032                         
  7  6  2  2     -34.69106                         
  7  6  3  3     128.48722                         
  7  6  4  4      -3.88044                         
  7  6  5  5       4.98501                         
  7  6  6  1       1.30073                         
  7  6  6  2       2.85408                         
  7  6  6  3     -34.12107                         
  7  6  6  4      16.64316                         
  7  6  6  5     -19.37589                         
  7  6  6  6     -46.12639                         
  7  7  1  1     -22.55279                         
  7  7  2  1     -21.42116                         
  7  7  2  2     -29.66798                         
  7  7  3  1      -1.53299                         
  7  7  3  2       1.30882                         
  7  7  3  3     -55.88305                         
  7  7  4  1       1.38994                         
  7  7  4  2      -0.92201                         
  7  7  4  3      -3.55647                         
  7  7  4  4      18.43478                         
  7  7  5  1       2.71473                         
  7  7  5  2      -2.44613                         
  7  7  5  3       2.72956                         
  7  7  5  4     -14.64648                         
  7  7  5  5      23.53155                         
  7  7  6  1       2.52968                         
  7  7  6  2       0.99113                         
  7  7  6  3      21.37111                         
  7  7  6  4     -11.82969                         
  7  7  6  5       2.41221                         
  7  7  6  6      -0.56545                         
  7  7  7  1       0.28242                         
  7  7  7  2       2.82077                         
  7  7  7  3     -24.60458                         
  7  7  7  4     -45.91456                         
  7  7  7  5      32.04493                         
  7  7  7  6      15.35050                         
  7  7  7  7      56.09119                         
  8  1  1  1     -23.22976                         
  8  2  1  1      -2.89462                         
  8  2  2  1      29.40455                         
  8  2  2  2      13.40354                         
  8  3  2  2      -1.51722                         
  8  3  3  1      -0.94530                         
  8  3  3  2       0.74991                         
  8  3  3  3     -16.46448                         
  8  4  1  1      29.16895                         
  8  4  2  2     -21.93834                         
  8  4  3  3      46.70300                         
  8  4  4  1      -2.32823                         
  8  4  4  2      -4.62136                         
  8  4  4  3       1.12814                         
  8  4  4  4      18.33581                         
  8  5  1  1      74.75368                         
  8  5  2  2     -21.05844                         
  8  5  3  3     -41.04927                         
  8  5  4  4       0.40118                         
  8  5  5  1       9.78790                         
  8  5  5  2       5.60451                         
  8  5  5  3      -1.89454                         
  8  5  5  4      -7.73403                         
  8  5  5  5     -11.28699                         
  8  6  1  1      84.06465                         
  8  6  2  2      89.44942                         
  8  6  3  3    -159.75649                         
  8  6  4  4      -0.41328                         
  8  6  5  5     -20.94488                         
  8  6  6  1      -5.57591                         
  8  6  6  2      -2.90626                         
  8  6  6  3       4.37960                         
  8  6  6  4      -8.52573                         
  8  6  6  5      10.47591                         
  8  6  6  6      32.49594                         
  8  7  1  1      61.10309                         
  8  7  2  2      71.63055                         
  8  7  3  3      59.00969                         
  8  7  4  4       1.74817                         
  8  7  5  5     -15.97003                         
  8  7  6  6     -27.82306                         
  8  7  7  1      -2.40512                         
  8  7  7  2      -2.37083                         
  8  7  7  3       9.91854                         
  8  7  7  4     -12.22749                         
  8  7  7  5      23.74386                         
  8  7  7  6       2.87202                         
  8  7  7  7      31.87720                         
  8  8  1  1    -241.99366                         
  8  8  2  1      26.49870                         
  8  8  2  2    -217.50071                         
  8  8  3  1       6.60180                         
  8  8  3  2      -4.76131                         
  8  8  3  3     -76.35683                         
  8  8  4  1      -0.92530                         
  8  8  4  2     -20.12596                         
  8  8  4  3      -1.28288                         
  8  8  4  4      27.27646                         
  8  8  5  1       3.49208                         
  8  8  5  2     -26.55257                         
  8  8  5  3      -0.52299                         
  8  8  5  4      47.15788                         
  8  8  5  5      88.10713                         
  8  8  6  1      15.95521                         
  8  8  6  2       5.45285                         
  8  8  6  3       3.27633                         
  8  8  6  4     -15.42651                         
  8  8  6  5      -5.79008                         
  8  8  6  6      49.13286                         
  8  8  7  1      11.98567                         
  8  8  7  2       2.75184                         
  8  8  7  3      -7.86401                         
  8  8  7  4     -10.78959                         
  8  8  7  5      -3.77505                         
  8  8  7  6       1.44795                         
  8  8  7  7      27.32775                         
  8  8  8  1     -26.01316                         
  8  8  8  2      -1.64311                         
  8  8  8  3       5.76023                         
  8  8  8  4      -9.49810                         
  8  8  8  5     -26.65904                         
  8  8  8  6      -9.93975                         
  8  8  8  7     -33.98699                         
  8  8  8  8     151.58014                         
  9  1  1  1      23.09854                         
  9  2  1  1       7.76124                         
  9  2  2  1     -16.55706                         
  9  2  2  2      -5.12288                         
  9  3  1  1      -0.21563                         
  9  3  2  2       1.10612                         
  9  3  3  1      -1.25826                         
  9  3  3  2       0.93648                         
  9  3  3  3     -48.11038                         
  9  4  1  1     -16.73768                         
  9  4  2  2      23.62992                         
  9  4  3  3      -6.30064                         
  9  4  4  1      -4.63870                         
  9  4  4  2      -0.47314                         
  9  4  4  3       4.97523                         
  9  4  4  4       1.49701                         
  9  5  1  1     -47.63243                         
  9  5  2  2      25.84374                         
  9  5  3  3       6.21540                         
  9  5  4  4       0.23808                         
  9  5  5  1     -18.33885                         
  9  5  5  2      -6.01092                         
  9  5  5  3       3.95128                         
  9  5  5  4       6.51397                         
  9  5  5  5      10.73408                         
  9  6  1  1     -66.09347                         
  9  6  2  2     -72.49669                         
  9  6  3  3      29.54954                         
  9  6  4  4      21.25209                         
  9  6  5  5      25.81437                         
  9  6  6  1       2.99731                         
  9  6  6  2      -2.57832                         
  9  6  6  3      28.46806                         
  9  6  6  4      -5.21746                         
  9  6  6  5       0.89779                         
  9  6  6  6      12.23120                         
  9  7  1  1     -49.12383                         
  9  7  2  2     -58.79572                         
  9  7  3  3     -10.32385                         
  9  7  4  4      15.59941                         
  9  7  5  5      20.62738                         
  9  7  6  6      27.04956                         
  9  7  7  1       1.51191                         
  9  7  7  2      -2.33751                         
  9  7  7  3       9.63043                         
  9  7  7  4       7.79723                         
  9  7  7  5     -10.91075                         
  9  7  7  6       6.33152                         
  9  7  7  7      15.77340                         
  9  8  1  1     185.52217                         
  9  8  2  2     173.98579                         
  9  8  3  3      15.02765                         
  9  8  4  4     -39.69630                         
  9  8  5  5     -74.72919                         
  9  8  6  6     -20.68645                         
  9  8  7  7     -12.78597                         
  9  8  8  1      10.41019                         
  9  8  8  3       4.94073                         
  9  8  8  4       9.86044                         
  9  8  8  5      17.02502                         
  9  8  8  6      30.27170                         
  9  8  8  7      34.66646                         
  9  8  8  8    -127.76048                         
  9  9  1  1    -144.29631                         
  9  9  2  1      -0.55051                         
  9  9  2  2    -141.82978                         
  9  9  3  1       4.26451                         
  9  9  3  2      -3.83433                         
  9  9  3  3       0.51690                         
  9  9  4  1       0.76680                         
  9  9  4  2      -7.55392                         
  9  9  4  3      -0.80922                         
  9  9  4  4      -6.09762                         
  9  9  5  1       1.98163                         
  9  9  5  2      -4.72576                         
  9  9  5  3      -0.43564                         
  9  9  5  4      43.42058                         
  9  9  5  5      49.15195                         
  9  9  6  1       1.03585                         
  9  9  6  2       3.11478                         
  9  9  6  3      -1.25354                         
  9  9  6  4      -9.74518                         
  9  9  6  5     -10.91615                         
  9  9  6  6      10.31445                         
  9  9  7  1       0.17004                         
  9  9  7  2       0.78246                         
  9  9  7  3       5.48477                         
  9  9  7  4      -2.66075                         
  9  9  7  5     -18.68807                         
  9  9  7  6       8.93361                         
  9  9  7  7       0.32490                         
  9  9  8  1      -4.22876                         
  9  9  8  2       1.73464                         
  9  9  8  3      -5.40370                         
  9  9  8  5     -15.34864                         
  9  9  8  6     -34.19031                         
  9  9  8  7     -45.51692                         
  9  9  8  8      85.74362                         
  9  9  9  1       4.35265                         
  9  9  9  2       2.65457                         
  9  9  9  3     -11.12618                         
  9  9  9  4     -10.56154                         
  9  9  9  5       3.56957                         
  9  9  9  6      22.29651                         
  9  9  9  7      11.69283                         
  9  9  9  8     -62.98885                         
  9  9  9  9      82.21154                         
 10 10  1  1    -104.20222                         
 10 10  2  1    -117.00790                         
 10 10  2  2    -150.00497                         
 10 10  3  1     -17.06256                         
 10 10  3  2      11.52123                         
 10 10  3  3    -499.77447                         
 10 10  4  1       1.08228                         
 10 10  4  2      -0.59559                         
 10 10  4  3      13.11094                         
 10 10  4  4      11.41226                         
 10 10  5  1       7.77456                         
 10 10  5  2       2.81449                         
 10 10  5  3     -10.56440                         
 10 10  5  4       1.86419                         
 10 10  5  5       5.28674                         
 10 10  6  1       0.96049                         
 10 10  6  2       3.34237                         
 10 10  6  3       1.77427                         
 10 10  6  4     -17.15990                         
 10 10  6  5       9.48058                         
 10 10  6  6      60.44089                         
 10 10  7  1      -2.67466                         
 10 10  7  2       1.69457                         
 10 10  7  3     -39.60703                         
 10 10  7  4      11.88616                         
 10 10  7  5     -15.47789                         
 10 10  7  6      -7.91247                         
 10 10  7  7      -2.64223                         
 10 10  8  1      -3.48614                         
 10 10  8  2      -5.45664                         
 10 10  8  3       3.90294                         
 10 10  8  4      -1.73850                         
 10 10  8  5      22.10544                         
 10 10  8  6      18.91138                         
 10 10  8  7     -19.21612                         
 10 10  8  8      32.36122                         
 10 10  9  1      -1.92331                         
 10 10  9  2      -5.51041                         
 10 10  9  3      28.62439                         
 10 10  9  4     -21.02478                         
 10 10  9  5     -13.86545                         
 10 10  9  6     -11.42333                         
 10 10  9  7       2.70479                         
 10 10  9  8     -16.74389                         
 10 10  9  9      43.77300                         
 10 10 10 10     312.10928                         
 11 10  1  1     -81.35772                         
 11 10  2  2    -144.46773                         
 11 10  3  3     165.72105                         
 11 10  4  4       3.90787                         
 11 10  5  5       7.74512                         
 11 10  6  6      -6.47994                         
 11 10  7  7      12.81916                         
 11 10  8  8      17.08428                         
 11 10  9  9      16.11402                         
 11 10 10 10     -12.83711                         
 11 11  1  1    -502.36388                         
 11 11  2  1     114.40926                         
 11 11  2  2    -400.90783                         
 11 11  3  1      19.91505                         
 11 11  3  2     -14.90107                         
 11 11  3  3     -58.90132                         
 11 11  4  1      -4.70834                         
 11 11  4  2       6.15679                         
 11 11  4  3       0.08961                         
 11 11  4  4      -4.10329                         
 11 11  5  1      -5.79918                         
 11 11  5  2      22.67243                         
 11 11  5  3      -1.23184                         
 11 11  5  4      24.82778                         
 11 11  5  5      34.75287                         
 11 11  6  1      10.35330                         
 11 11  6  2      -5.74140                         
 11 11  6  3      -3.20326                         
 11 11  6  4       0.72344                         
 11 11  6  5       4.01855                         
 11 11  6  6      11.75665                         
 11 11  7  1      13.22663                         
 11 11  7  2     -14.93593                         
 11 11  7  3      -5.94350                         
 11 11  7  4       3.59134                         
 11 11  7  5      -3.49046                         
 11 11  7  6       0.65474                         
 11 11  7  7      -3.98473                         
 11 11  8  1      -4.32943                         
 11 11  8  2      -1.12148                         
 11 11  8  3       0.30983                         
 11 11  8  4      -9.00893                         
 11 11  8  5     -24.08292                         
 11 11  8  6     -26.06004                         
 11 11  8  7     -21.44862                         
 11 11  8  8      78.64173                         
 11 11  9  1     -10.42849                         
 11 11  9  2      -2.86053                         
 11 11  9  3       4.43920                         
 11 11  9  4       7.23183                         
 11 11  9  5      23.18947                         
 11 11  9  6      28.63053                         
 11 11  9  7      21.64949                         
 11 11  9  8     -69.66922                         
 11 11  9  9      47.85047                         
 11 11 10 10     120.89477                         
 11 11 11 10      78.44150                         
 11 11 11 11     557.45232                         
 12 10  1  1     117.88894                         
 12 10  2  2     153.28264                         
 12 10  3  3    -219.37860                         
 12 10  4  4      -2.62814                         
 12 10  5  5      -6.09782                         
 12 10  6  6      21.34901                         
 12 10  7  7      -9.46431                         
 12 10  8  8      -9.91489                         
 12 10  9  9     -36.52466                         
 12 10 10 10      73.16696                         
 12 11  1  1    -176.80079                         
 12 11  2  2     -11.43428                         
 12 11  3  3      74.71873                         
 12 11  4  4      10.92273                         
 12 11  5  5       9.86611                         
 12 11  6  6      -8.21482                         
 12 11  7  7      -2.52328                         
 12 11  8  8      23.55515                         
 12 11  9  9       8.95996                         
 12 11 10 10    -102.51125                         
 12 11 11 10     -92.99308                         
 12 11 11 11     222.43964                         
 12 12  1  1    -297.92328                         
 12 12  2  1      68.03882                         
 12 12  2  2    -256.92881                         
 12 12  3  1       8.91755                         
 12 12  3  2      -6.94605                         
 12 12  3  3    -103.18696                         
 12 12  4  1       2.12321                         
 12 12  4  2     -10.60776                         
 12 12  4  3       2.91318                         
 12 12  4  4      -6.80745                         
 12 12  5  1      -7.10884                         
 12 12  5  2     -13.15630                         
 12 12  5  3      -1.85385                         
 12 12  5  4      19.85790                         
 12 12  5  5      12.59366                         
 12 12  6  1       7.30814                         
 12 12  6  2       4.40588                         
 12 12  6  3      -1.15910                         
 12 12  6  4      -2.31181                         
 12 12  6  5       3.97577                         
 12 12  6  6       9.83468                         
 12 12  7  1       8.15882                         
 12 12  7  2      -1.21728                         
 12 12  7  3      -9.84776                         
 12 12  7  4       2.05220                         
 12 12  7  5      -4.75850                         
 12 12  7  6      -2.62180                         
 12 12  7  7      -9.15588                         
 12 12  8  1      -7.49130                         
 12 12  8  2      -2.78123                         
 12 12  8  3      -1.06969                         
 12 12  8  4      -4.02829                         
 12 12  8  5     -16.74895                         
 12 12  8  6     -13.04834                         
 12 12  8  7     -21.64131                         
 12 12  8  8      55.59791                         
 12 12  9  1       0.81807                         
 12 12  9  2       3.73989                         
 12 12  9  3       1.95513                         
 12 12  9  4       7.78521                         
 12 12  9  5      13.78447                         
 12 12  9  6      12.73737                         
 12 12  9  7      13.04521                         
 12 12  9  8     -36.36126                         
 12 12  9  9      57.68862                         
 12 12 10 10     113.94489                         
 12 12 11 10      22.18170                         
 12 12 11 11     337.28249                         
 12 12 12 10     -66.12706                         
 12 12 12 11     119.59457                         
 12 12 12 12     213.98381                         
